456 456
201 1.29666220317109e-17 5.29402520005716e-02 0.00000000000000e+00
202 5.08930411365000e-01 -1.24651999853379e-16 0.00000000000000e+00
203 5.08929421280075e-01 1.40470095397621e-07 0.00000000000000e+00
204 5.08928332188506e-01 2.94986715463865e-07 0.00000000000000e+00
205 5.08927134186700e-01 4.64954908023268e-07 0.00000000000000e+00
206 5.08925816384846e-01 6.51919607253410e-07 0.00000000000000e+00
207 5.08924366802969e-01 8.57580398179611e-07 0.00000000000000e+00
208 5.08922772263099e-01 1.08380681054524e-06 0.00000000000000e+00
209 5.08921018269479e-01 1.33265531038902e-06 0.00000000000000e+00
210 5.08919088876782e-01 1.60638799015201e-06 0.00000000000000e+00
211 5.08916966545162e-01 1.90749312714024e-06 0.00000000000000e+00
212 5.08914631980798e-01 2.23870779682311e-06 0.00000000000000e+00
213 5.08912063960504e-01 2.60304274646531e-06 0.00000000000000e+00
214 5.08909239138794e-01 3.00380975479904e-06 0.00000000000000e+00
215 5.08906131835655e-01 3.44465172608701e-06 0.00000000000000e+00
216 5.08902713803099e-01 3.92957579168444e-06 0.00000000000000e+00
217 5.08898953968373e-01 4.46298971944939e-06 0.00000000000000e+00
218 5.08894818151488e-01 5.04974196130179e-06 0.00000000000000e+00
219 5.08890268754504e-01 5.69516570215966e-06 0.00000000000000e+00
220 5.08885264419746e-01 6.40512730968104e-06 0.00000000000000e+00
221 5.08879759653839e-01 7.18607962403379e-06 0.00000000000000e+00
222 5.08873704414157e-01 8.04512057065782e-06 0.00000000000000e+00
223 5.08867043653915e-01 8.99005762706247e-06 0.00000000000000e+00
224 5.08859716821772e-01 1.00294787275426e-05 0.00000000000000e+00
225 5.08851657311404e-01 1.11728302477661e-05 0.00000000000000e+00
226 5.08842791856036e-01 1.24305027749946e-05 0.00000000000000e+00
227 5.08833039862436e-01 1.38139254398100e-05 0.00000000000000e+00
228 5.08822312678315e-01 1.53356696622377e-05 0.00000000000000e+00
229 5.08810512786476e-01 1.70095632497694e-05 0.00000000000000e+00
230 5.08797532918396e-01 1.88508158777058e-05 0.00000000000000e+00
231 5.08783255079166e-01 2.08761570842843e-05 0.00000000000000e+00
232 5.08767549474962e-01 2.31039880250958e-05 0.00000000000000e+00
233 5.08750273333265e-01 2.55545483542751e-05 0.00000000000000e+00
234 5.08731269605140e-01 2.82500997349362e-05 0.00000000000000e+00
235 5.08710365537773e-01 3.12151276294224e-05 0.00000000000000e+00
236 5.08687371104289e-01 3.44765631824135e-05 0.00000000000000e+00
237 5.08662077276608e-01 3.80640271881020e-05 0.00000000000000e+00
238 5.08634254125633e-01 4.20100983279845e-05 0.00000000000000e+00
239 5.08603648731528e-01 4.63506080798878e-05 0.00000000000000e+00
240 5.08569982885096e-01 5.11249649333712e-05 0.00000000000000e+00
241 5.08532950559394e-01 5.63765108034626e-05 0.00000000000000e+00
242 5.08492215128631e-01 6.21529128157818e-05 0.00000000000000e+00
243 5.08447406309083e-01 6.85065939436155e-05 0.00000000000000e+00
244 5.08398116794282e-01 7.54952063137294e-05 0.00000000000000e+00
245 5.08343898553924e-01 8.31821513650830e-05 0.00000000000000e+00
246 5.08284258762913e-01 9.16371514456942e-05 0.00000000000000e+00
247 5.08218655323616e-01 1.00936877870516e-04 0.00000000000000e+00
248 5.08146491940703e-01 1.11165640940266e-04 0.00000000000000e+00
249 5.08067112703921e-01 1.22416147940570e-04 0.00000000000000e+00
250 5.07979796129661e-01 1.34790335705829e-04 0.00000000000000e+00
251 5.07883748607346e-01 1.48400284946120e-04 0.00000000000000e+00
252 5.07778097191232e-01 1.63369224201074e-04 0.00000000000000e+00
253 5.07661881672330e-01 1.79832632006611e-04 0.00000000000000e+00
254 5.07534045858678e-01 1.97939446641499e-04 0.00000000000000e+00
255 5.07393427985015e-01 2.17853393660354e-04 0.00000000000000e+00
256 5.07238750165112e-01 2.39754442327202e-04 0.00000000000000e+00
257 5.07068606791363e-01 2.63840403036806e-04 0.00000000000000e+00
258 5.06881451776802e-01 2.90328678857338e-04 0.00000000000000e+00
259 5.06675584524301e-01 3.19458185433747e-04 0.00000000000000e+00
260 5.06449134496302e-01 3.51491454675868e-04 0.00000000000000e+00
261 5.06200044245899e-01 3.86716938916619e-04 0.00000000000000e+00
262 5.05926050756319e-01 4.25451533522162e-04 0.00000000000000e+00
263 5.05624664920787e-01 4.68043337338354e-04 0.00000000000000e+00
264 5.05293148978143e-01 5.14874671762494e-04 0.00000000000000e+00
265 5.04928491701453e-01 5.66365380723486e-04 0.00000000000000e+00
266 5.04527381116910e-01 6.22976435324061e-04 0.00000000000000e+00
267 5.04086174508465e-01 6.85213868414370e-04 0.00000000000000e+00
268 5.03600865439719e-01 7.53633065824249e-04 0.00000000000000e+00
269 5.03067047498353e-01 8.28843442391845e-04 0.00000000000000e+00
270 5.02479874439694e-01 9.11513532223890e-04 0.00000000000000e+00
271 5.01834016374585e-01 1.00237652375186e-03 0.00000000000000e+00
272 5.01123611612368e-01 1.10223627103671e-03 0.00000000000000e+00
273 5.00342213732269e-01 1.21197381332826e-03 0.00000000000000e+00
274 4.99482733415431e-01 1.33255443501168e-03 0.00000000000000e+00
275 4.98537374525143e-01 1.46503529759891e-03 0.00000000000000e+00
276 4.97497563874015e-01 1.61057367424265e-03 0.00000000000000e+00
277 4.96353874063750e-01 1.77043581511091e-03 0.00000000000000e+00
278 4.95095938725430e-01 1.94600646867298e-03 0.00000000000000e+00
279 4.93712359425476e-01 2.13879907921307e-03 0.00000000000000e+00
280 4.92190603434475e-01 2.35046667438569e-03 0.00000000000000e+00
281 4.90516891482459e-01 2.58281344797486e-03 0.00000000000000e+00
282 4.88676074544741e-01 2.83780703176580e-03 0.00000000000000e+00
283 4.86651498616829e-01 3.11759143605643e-03 0.00000000000000e+00
284 4.84424856344952e-01 3.42450062022717e-03 0.00000000000000e+00
285 4.81976024280335e-01 3.76107263223558e-03 0.00000000000000e+00
286 4.79282884420370e-01 4.13006422809566e-03 0.00000000000000e+00
287 4.76321128588432e-01 4.53446584839229e-03 0.00000000000000e+00
288 4.73064044086513e-01 4.97751678754802e-03 0.00000000000000e+00
289 4.69482278931515e-01 5.46272034157817e-03 0.00000000000000e+00
290 4.65543584857805e-01 5.99385865986047e-03 0.00000000000000e+00
291 4.61212536136457e-01 6.57500695396815e-03 0.00000000000000e+00
292 4.56450222127136e-01 7.21054662934779e-03 0.00000000000000e+00
293 4.51213911343765e-01 7.90517680010615e-03 0.00000000000000e+00
294 4.45456684682654e-01 8.66392351861366e-03 0.00000000000000e+00
295 4.39127035335067e-01 9.49214589325136e-03 0.00000000000000e+00
296 4.32168432789457e-01 1.03955380692429e-02 0.00000000000000e+00
297 4.24518848227005e-01 1.13801257939790e-02 0.00000000000000e+00
298 4.16110238533887e-01 1.24522559563389e-02 0.00000000000000e+00
299 4.06867986102112e-01 1.36185770435260e-02 0.00000000000000e+00
300 3.96710291576186e-01 1.48860078438058e-02 0.00000000000000e+00
301 3.85547516734630e-01 1.62616908540200e-02 0.00000000000000e+00
302 3.73281474783476e-01 1.77529255951995e-02 0.00000000000000e+00
303 3.59804665493872e-01 1.93670751948007e-02 0.00000000000000e+00
304 3.44999452848348e-01 2.11114368469567e-02 0.00000000000000e+00
305 3.28737183180577e-01 2.29930626308042e-02 0.00000000000000e+00
306 3.10877242212398e-01 2.50185109103574e-02 0.00000000000000e+00
307 2.91266049923446e-01 2.71934990167259e-02 0.00000000000000e+00
308 2.69735992857766e-01 2.95224133639073e-02 0.00000000000000e+00
309 2.46104294334204e-01 3.20076108406178e-02 0.00000000000000e+00
310 2.20171824217135e-01 3.46484109746553e-02 0.00000000000000e+00
311 1.91721851740800e-01 3.74396251916712e-02 0.00000000000000e+00
312 1.60518748112089e-01 4.03693864838411e-02 0.00000000000000e+00
313 1.26306651963704e-01 4.34159116177480e-02 0.00000000000000e+00
314 8.88081241295471e-02 4.65426168165488e-02 0.00000000000000e+00
315 4.74643992128508e-02 4.97094798977234e-02 0.00000000000000e+00
316 -5.00000000000000e-01 1.22464679914735e-16 0.00000000000000e+00
317 -5.00000004483128e-01 9.99989950502669e-07 0.00000000000000e+00
318 -5.00000009335867e-01 2.09997820438492e-06 0.00000000000000e+00
319 -5.00000014578661e-01 3.30996628070551e-06 0.00000000000000e+00
320 -5.00000020230520e-01 4.64095356203624e-06 0.00000000000000e+00
321 -5.00000026308160e-01 6.10504003962420e-06 0.00000000000000e+00
322 -5.00000032824891e-01 7.71553571449753e-06 0.00000000000000e+00
323 -5.00000039789209e-01 9.48708159928565e-06 0.00000000000000e+00
324 -5.00000047203027e-01 1.14357828199522e-05 0.00000000000000e+00
325 -5.00000055059455e-01 1.35793550271921e-05 0.00000000000000e+00
326 -5.00000063340030e-01 1.59372854481856e-05 0.00000000000000e+00
327 -5.00000072011281e-01 1.85310100422793e-05 0.00000000000000e+00
328 -5.00000081020463e-01 2.13841083703946e-05 0.00000000000000e+00
329 -5.00000090290286e-01 2.45225179486448e-05 0.00000000000000e+00
330 -5.00000099712419e-01 2.79747700334049e-05 0.00000000000000e+00
331 -5.00000109139498e-01 3.17722489792942e-05 0.00000000000000e+00
332 -5.00000118375306e-01 3.59494775250774e-05 0.00000000000000e+00
333 -5.00000127162734e-01 4.05444305971268e-05 0.00000000000000e+00
334 -5.00000135169033e-01 4.55988804779125e-05 0.00000000000000e+00
335 -5.00000141967790e-01 5.11587764701659e-05 0.00000000000000e+00
336 -5.00000147016893e-01 5.72746624983390e-05 0.00000000000000e+00
337 -5.00000149631659e-01 6.40021364303134e-05 0.00000000000000e+00
338 -5.00000148952053e-01 7.14023552768288e-05 0.00000000000000e+00
339 -5.00000143902767e-01 7.95425908367423e-05 0.00000000000000e+00
340 -5.00000133144616e-01 8.84968408062052e-05 0.00000000000000e+00
341 -5.00000115015411e-01 9.83465008625253e-05 0.00000000000000e+00
342 -5.00000087458085e-01 1.09181103772284e-04 0.00000000000000e+00
343 -5.00000047933356e-01 1.21099132161880e-04 0.00000000000000e+00
344 -4.99999993313667e-01 1.34208912230585e-04 0.00000000000000e+00
345 -4.99999919754461e-01 1.48629596410876e-04 0.00000000000000e+00
346 -4.99999822537996e-01 1.64492243589278e-04 0.00000000000000e+00
347 -4.99999695883954e-01 1.81941006688002e-04 0.00000000000000e+00
348 -4.99999532719861e-01 2.01134437821149e-04 0.00000000000000e+00
349 -4.99999324402900e-01 2.22246922537221e-04 0.00000000000000e+00
350 -4.99999060382975e-01 2.45470255542636e-04 0.00000000000000e+00
351 -4.99998727794762e-01 2.71015371401720e-04 0.00000000000000e+00
352 -4.99998310963971e-01 2.99114244842222e-04 0.00000000000000e+00
353 -4.99997790810017e-01 3.30021976471649e-04 0.00000000000000e+00
354 -4.99997144123643e-01 3.64019080910383e-04 0.00000000000000e+00
355 -4.99996342693689e-01 4.01413995545060e-04 0.00000000000000e+00
356 -4.99995352251938e-01 4.42545829260537e-04 0.00000000000000e+00
357 -4.99994131198745e-01 4.87787371565204e-04 0.00000000000000e+00
358 -4.99992629064644e-01 5.37548383405362e-04 0.00000000000000e+00
359 -4.99990784654222e-01 5.92279191564346e-04 0.00000000000000e+00
360 -4.99988523807943e-01 6.52474608718956e-04 0.00000000000000e+00
361 -4.99985756705012e-01 7.18678200788812e-04 0.00000000000000e+00
362 -4.99982374615467e-01 7.91486921910959e-04 0.00000000000000e+00
363 -4.99978245992133e-01 8.71556134869293e-04 0.00000000000000e+00
364 -4.99973211772449e-01 9.59605030671104e-04 0.00000000000000e+00
365 -4.99967079736068e-01 1.05642245462635e-03 0.00000000000000e+00
366 -4.99959617736118e-01 1.16287313702162e-03 0.00000000000000e+00
367 -4.99950545589667e-01 1.27990431335998e-03 0.00000000000000e+00
368 -4.99939525375862e-01 1.40855270098067e-03 0.00000000000000e+00
369 -4.99926149848141e-01 1.54995177419636e-03 0.00000000000000e+00
370 -4.99909928619616e-01 1.70533924704350e-03 0.00000000000000e+00
371 -4.99890271728318e-01 1.87606462905289e-03 0.00000000000000e+00
372 -4.99866470131689e-01 2.06359666232651e-03 0.00000000000000e+00
373 -4.99837672618165e-01 2.26953037426856e-03 0.00000000000000e+00
374 -4.99802858558979e-01 2.49559338548395e-03 0.00000000000000e+00
375 -4.99760805856668e-01 2.74365099170002e-03 0.00000000000000e+00
376 -4.99710053379842e-01 3.01570938608678e-03 0.00000000000000e+00
377 -4.99648857107804e-01 3.31391619656526e-03 0.00000000000000e+00
378 -4.99575139144127e-01 3.64055727186922e-03 0.00000000000000e+00
379 -4.99486428687357e-01 3.99804834239189e-03 0.00000000000000e+00
380 -4.99379789390776e-01 4.38891852909075e-03 0.00000000000000e+00
381 -4.99251728452016e-01 4.81578167951865e-03 0.00000000000000e+00
382 -4.99098107878229e-01 5.28129804480832e-03 0.00000000000000e+00
383 -4.98914041570961e-01 5.78811922075918e-03 0.00000000000000e+00
384 -4.98693924047186e-01 6.33887022002808e-03 0.00000000000000e+00
385 -4.98431441294512e-01 6.93613005469993e-03 0.00000000000000e+00
386 -4.98119375324000e-01 7.58232194730882e-03 0.00000000000000e+00
387 -4.97749518385782e-01 8.27962584018648e-03 0.00000000000000e+00
388 -4.97312704253864e-01 9.02994297197846e-03 0.00000000000000e+00
389 -4.96798796856761e-01 9.83484753032613e-03 0.00000000000000e+00
390 -4.96196661568126e-01 1.06955353292955e-02 0.00000000000000e+00
391 -4.95494180015529e-01 1.16128122223084e-02 0.00000000000000e+00
392 -4.94678250821319e-01 1.25870969888865e-02 0.00000000000000e+00
393 -4.93734783588250e-01 1.36184476590681e-02 0.00000000000000e+00
394 -4.92648675209848e-01 1.47066067362966e-02 0.00000000000000e+00
395 -4.91403758386027e-01 1.58510570079263e-02 0.00000000000000e+00
396 -4.89982718863458e-01 1.70510810873673e-02 0.00000000000000e+00
397 -4.88366978713572e-01 1.83058165941950e-02 0.00000000000000e+00
398 -4.86536546342241e-01 1.96143000820540e-02 0.00000000000000e+00
399 -4.84469835707048e-01 2.09754953903924e-02 0.00000000000000e+00
400 -4.82143457672691e-01 2.23883030997707e-02 0.00000000000000e+00
401 -4.79531986839194e-01 2.38515506490623e-02 0.00000000000000e+00
402 -4.76607706224009e-01 2.53639632604373e-02 0.00000000000000e+00
403 -4.73340330926620e-01 2.69241163015531e-02 0.00000000000000e+00
404 -4.69696711230179e-01 2.85303703474871e-02 0.00000000000000e+00
405 -4.65640514219640e-01 3.01807894131087e-02 0.00000000000000e+00
406 -4.61131882449218e-01 3.18730426968017e-02 0.00000000000000e+00
407 -4.56127067447056e-01 3.36042894737690e-02 0.00000000000000e+00
408 -4.50578035499977e-01 3.53710463239209e-02 0.00000000000000e+00
409 -4.44432042848340e-01 3.71690353841610e-02 0.00000000000000e+00
410 -4.37631177253485e-01 3.89930119875984e-02 0.00000000000000e+00
411 -4.30111862783467e-01 4.08365698529093e-02 0.00000000000000e+00
412 -4.21804324604452e-01 4.26919219807240e-02 0.00000000000000e+00
413 -4.12632010493284e-01 4.45496556026326e-02 0.00000000000000e+00
414 -4.02510965742783e-01 4.63984600143146e-02 0.00000000000000e+00
415 -3.91349158043865e-01 4.82248269185651e-02 0.00000000000000e+00
416 -3.79045748797671e-01 5.00127241008266e-02 0.00000000000000e+00
417 -3.65490307109533e-01 5.17432449337049e-02 0.00000000000000e+00
418 -3.50561962399681e-01 5.33942384139325e-02 0.00000000000000e+00
419 -3.34128491104962e-01 5.49399272201102e-02 0.00000000000000e+00
420 -3.16045332299162e-01 5.63505246226871e-02 0.00000000000000e+00
421 -2.96154526202909e-01 5.75918648410309e-02 0.00000000000000e+00
422 -2.74283568493667e-01 5.86250653087926e-02 0.00000000000000e+00
423 -2.50244172130139e-01 5.94062426418417e-02 0.00000000000000e+00
424 -2.23830927253712e-01 5.98863057806732e-02 0.00000000000000e+00
425 -1.94819848981028e-01 6.00108479151648e-02 0.00000000000000e+00
426 -1.62966803188711e-01 5.97201503398974e-02 0.00000000000000e+00
427 -1.28005802740913e-01 5.89492915000517e-02 0.00000000000000e+00
428 -8.96471725992716e-02 5.76283156442240e-02 0.00000000000000e+00
429 -4.74953136381855e-02 5.56781805632362e-02 0.00000000000000e+00
430 -1.29666220317109e-17 -5.29402520005716e-02 0.00000000000000e+00
431 -5.00000004483128e-01 -9.99989950257740e-07 0.00000000000000e+00
432 -5.00000009335867e-01 -2.09997820413999e-06 0.00000000000000e+00
433 -5.00000014578661e-01 -3.30996628046058e-06 0.00000000000000e+00
434 -5.00000020230520e-01 -4.64095356179131e-06 0.00000000000000e+00
435 -5.00000026308160e-01 -6.10504003937927e-06 0.00000000000000e+00
436 -5.00000032824891e-01 -7.71553571425259e-06 0.00000000000000e+00
437 -5.00000039789209e-01 -9.48708159904072e-06 0.00000000000000e+00
438 -5.00000047203027e-01 -1.14357828197073e-05 0.00000000000000e+00
439 -5.00000055059455e-01 -1.35793550269472e-05 0.00000000000000e+00
440 -5.00000063340030e-01 -1.59372854479406e-05 0.00000000000000e+00
441 -5.00000072011281e-01 -1.85310100420343e-05 0.00000000000000e+00
442 -5.00000081020463e-01 -2.13841083701497e-05 0.00000000000000e+00
443 -5.00000090290286e-01 -2.45225179483999e-05 0.00000000000000e+00
444 -5.00000099712419e-01 -2.79747700331600e-05 0.00000000000000e+00
445 -5.00000109139498e-01 -3.17722489790493e-05 0.00000000000000e+00
446 -5.00000118375306e-01 -3.59494775248325e-05 0.00000000000000e+00
447 -5.00000127162734e-01 -4.05444305968819e-05 0.00000000000000e+00
448 -5.00000135169033e-01 -4.55988804776676e-05 0.00000000000000e+00
449 -5.00000141967790e-01 -5.11587764699210e-05 0.00000000000000e+00
450 -5.00000147016893e-01 -5.72746624980941e-05 0.00000000000000e+00
451 -5.00000149631659e-01 -6.40021364300685e-05 0.00000000000000e+00
452 -5.00000148952053e-01 -7.14023552765839e-05 0.00000000000000e+00
453 -5.00000143902767e-01 -7.95425908364974e-05 0.00000000000000e+00
454 -5.00000133144616e-01 -8.84968408059603e-05 0.00000000000000e+00
455 -5.00000115015411e-01 -9.83465008622804e-05 0.00000000000000e+00
456 -5.00000087458085e-01 -1.09181103772039e-04 0.00000000000000e+00
457 -5.00000047933356e-01 -1.21099132161635e-04 0.00000000000000e+00
458 -4.99999993313667e-01 -1.34208912230340e-04 0.00000000000000e+00
459 -4.99999919754461e-01 -1.48629596410631e-04 0.00000000000000e+00
460 -4.99999822537996e-01 -1.64492243589033e-04 0.00000000000000e+00
461 -4.99999695883954e-01 -1.81941006687757e-04 0.00000000000000e+00
462 -4.99999532719861e-01 -2.01134437820904e-04 0.00000000000000e+00
463 -4.99999324402900e-01 -2.22246922536976e-04 0.00000000000000e+00
464 -4.99999060382975e-01 -2.45470255542391e-04 0.00000000000000e+00
465 -4.99998727794762e-01 -2.71015371401475e-04 0.00000000000000e+00
466 -4.99998310963971e-01 -2.99114244841977e-04 0.00000000000000e+00
467 -4.99997790810017e-01 -3.30021976471404e-04 0.00000000000000e+00
468 -4.99997144123643e-01 -3.64019080910138e-04 0.00000000000000e+00
469 -4.99996342693689e-01 -4.01413995544816e-04 0.00000000000000e+00
470 -4.99995352251938e-01 -4.42545829260292e-04 0.00000000000000e+00
471 -4.99994131198745e-01 -4.87787371564959e-04 0.00000000000000e+00
472 -4.99992629064644e-01 -5.37548383405117e-04 0.00000000000000e+00
473 -4.99990784654222e-01 -5.92279191564101e-04 0.00000000000000e+00
474 -4.99988523807943e-01 -6.52474608718711e-04 0.00000000000000e+00
475 -4.99985756705012e-01 -7.18678200788567e-04 0.00000000000000e+00
476 -4.99982374615467e-01 -7.91486921910714e-04 0.00000000000000e+00
477 -4.99978245992133e-01 -8.71556134869048e-04 0.00000000000000e+00
478 -4.99973211772449e-01 -9.59605030670859e-04 0.00000000000000e+00
479 -4.99967079736068e-01 -1.05642245462610e-03 0.00000000000000e+00
480 -4.99959617736118e-01 -1.16287313702138e-03 0.00000000000000e+00
481 -4.99950545589667e-01 -1.27990431335974e-03 0.00000000000000e+00
482 -4.99939525375862e-01 -1.40855270098042e-03 0.00000000000000e+00
483 -4.99926149848141e-01 -1.54995177419612e-03 0.00000000000000e+00
484 -4.99909928619616e-01 -1.70533924704325e-03 0.00000000000000e+00
485 -4.99890271728318e-01 -1.87606462905264e-03 0.00000000000000e+00
486 -4.99866470131689e-01 -2.06359666232627e-03 0.00000000000000e+00
487 -4.99837672618165e-01 -2.26953037426831e-03 0.00000000000000e+00
488 -4.99802858558979e-01 -2.49559338548371e-03 0.00000000000000e+00
489 -4.99760805856668e-01 -2.74365099169978e-03 0.00000000000000e+00
490 -4.99710053379842e-01 -3.01570938608653e-03 0.00000000000000e+00
491 -4.99648857107804e-01 -3.31391619656502e-03 0.00000000000000e+00
492 -4.99575139144127e-01 -3.64055727186897e-03 0.00000000000000e+00
493 -4.99486428687357e-01 -3.99804834239165e-03 0.00000000000000e+00
494 -4.99379789390776e-01 -4.38891852909051e-03 0.00000000000000e+00
495 -4.99251728452016e-01 -4.81578167951840e-03 0.00000000000000e+00
496 -4.99098107878229e-01 -5.28129804480808e-03 0.00000000000000e+00
497 -4.98914041570961e-01 -5.78811922075894e-03 0.00000000000000e+00
498 -4.98693924047186e-01 -6.33887022002784e-03 0.00000000000000e+00
499 -4.98431441294512e-01 -6.93613005469969e-03 0.00000000000000e+00
500 -4.98119375324000e-01 -7.58232194730857e-03 0.00000000000000e+00
501 -4.97749518385782e-01 -8.27962584018624e-03 0.00000000000000e+00
502 -4.97312704253864e-01 -9.02994297197821e-03 0.00000000000000e+00
503 -4.96798796856761e-01 -9.83484753032588e-03 0.00000000000000e+00
504 -4.96196661568126e-01 -1.06955353292952e-02 0.00000000000000e+00
505 -4.95494180015529e-01 -1.16128122223081e-02 0.00000000000000e+00
506 -4.94678250821319e-01 -1.25870969888863e-02 0.00000000000000e+00
507 -4.93734783588250e-01 -1.36184476590679e-02 0.00000000000000e+00
508 -4.92648675209848e-01 -1.47066067362963e-02 0.00000000000000e+00
509 -4.91403758386027e-01 -1.58510570079261e-02 0.00000000000000e+00
510 -4.89982718863458e-01 -1.70510810873671e-02 0.00000000000000e+00
511 -4.88366978713572e-01 -1.83058165941948e-02 0.00000000000000e+00
512 -4.86536546342241e-01 -1.96143000820538e-02 0.00000000000000e+00
513 -4.84469835707048e-01 -2.09754953903922e-02 0.00000000000000e+00
514 -4.82143457672691e-01 -2.23883030997705e-02 0.00000000000000e+00
515 -4.79531986839194e-01 -2.38515506490621e-02 0.00000000000000e+00
516 -4.76607706224009e-01 -2.53639632604371e-02 0.00000000000000e+00
517 -4.73340330926620e-01 -2.69241163015528e-02 0.00000000000000e+00
518 -4.69696711230180e-01 -2.85303703474868e-02 0.00000000000000e+00
519 -4.65640514219640e-01 -3.01807894131085e-02 0.00000000000000e+00
520 -4.61131882449218e-01 -3.18730426968015e-02 0.00000000000000e+00
521 -4.56127067447056e-01 -3.36042894737688e-02 0.00000000000000e+00
522 -4.50578035499977e-01 -3.53710463239207e-02 0.00000000000000e+00
523 -4.44432042848340e-01 -3.71690353841607e-02 0.00000000000000e+00
524 -4.37631177253485e-01 -3.89930119875982e-02 0.00000000000000e+00
525 -4.30111862783467e-01 -4.08365698529091e-02 0.00000000000000e+00
526 -4.21804324604452e-01 -4.26919219807238e-02 0.00000000000000e+00
527 -4.12632010493284e-01 -4.45496556026324e-02 0.00000000000000e+00
528 -4.02510965742783e-01 -4.63984600143144e-02 0.00000000000000e+00
529 -3.91349158043865e-01 -4.82248269185648e-02 0.00000000000000e+00
530 -3.79045748797671e-01 -5.00127241008264e-02 0.00000000000000e+00
531 -3.65490307109533e-01 -5.17432449337047e-02 0.00000000000000e+00
532 -3.50561962399681e-01 -5.33942384139323e-02 0.00000000000000e+00
533 -3.34128491104962e-01 -5.49399272201100e-02 0.00000000000000e+00
534 -3.16045332299162e-01 -5.63505246226869e-02 0.00000000000000e+00
535 -2.96154526202909e-01 -5.75918648410308e-02 0.00000000000000e+00
536 -2.74283568493667e-01 -5.86250653087925e-02 0.00000000000000e+00
537 -2.50244172130139e-01 -5.94062426418416e-02 0.00000000000000e+00
538 -2.23830927253713e-01 -5.98863057806731e-02 0.00000000000000e+00
539 -1.94819848981028e-01 -6.00108479151647e-02 0.00000000000000e+00
540 -1.62966803188711e-01 -5.97201503398974e-02 0.00000000000000e+00
541 -1.28005802740913e-01 -5.89492915000517e-02 0.00000000000000e+00
542 -8.96471725992717e-02 -5.76283156442240e-02 0.00000000000000e+00
543 -4.74953136381855e-02 -5.56781805632362e-02 0.00000000000000e+00
544 5.08929421280075e-01 -1.40470095646924e-07 0.00000000000000e+00
545 5.08928332188506e-01 -2.94986715713168e-07 0.00000000000000e+00
546 5.08927134186700e-01 -4.64954908272571e-07 0.00000000000000e+00
547 5.08925816384846e-01 -6.51919607502712e-07 0.00000000000000e+00
548 5.08924366802969e-01 -8.57580398428913e-07 0.00000000000000e+00
549 5.08922772263099e-01 -1.08380681079454e-06 0.00000000000000e+00
550 5.08921018269479e-01 -1.33265531063832e-06 0.00000000000000e+00
551 5.08919088876782e-01 -1.60638799040131e-06 0.00000000000000e+00
552 5.08916966545162e-01 -1.90749312738954e-06 0.00000000000000e+00
553 5.08914631980798e-01 -2.23870779707241e-06 0.00000000000000e+00
554 5.08912063960504e-01 -2.60304274671461e-06 0.00000000000000e+00
555 5.08909239138794e-01 -3.00380975504833e-06 0.00000000000000e+00
556 5.08906131835655e-01 -3.44465172633630e-06 0.00000000000000e+00
557 5.08902713803099e-01 -3.92957579193373e-06 0.00000000000000e+00
558 5.08898953968373e-01 -4.46298971969868e-06 0.00000000000000e+00
559 5.08894818151488e-01 -5.04974196155108e-06 0.00000000000000e+00
560 5.08890268754504e-01 -5.69516570240894e-06 0.00000000000000e+00
561 5.08885264419746e-01 -6.40512730993032e-06 0.00000000000000e+00
562 5.08879759653839e-01 -7.18607962428307e-06 0.00000000000000e+00
563 5.08873704414157e-01 -8.04512057090710e-06 0.00000000000000e+00
564 5.08867043653915e-01 -8.99005762731175e-06 0.00000000000000e+00
565 5.08859716821772e-01 -1.00294787277919e-05 0.00000000000000e+00
566 5.08851657311404e-01 -1.11728302480153e-05 0.00000000000000e+00
567 5.08842791856036e-01 -1.24305027752439e-05 0.00000000000000e+00
568 5.08833039862436e-01 -1.38139254400592e-05 0.00000000000000e+00
569 5.08822312678315e-01 -1.53356696624869e-05 0.00000000000000e+00
570 5.08810512786476e-01 -1.70095632500187e-05 0.00000000000000e+00
571 5.08797532918396e-01 -1.88508158779550e-05 0.00000000000000e+00
572 5.08783255079166e-01 -2.08761570845336e-05 0.00000000000000e+00
573 5.08767549474962e-01 -2.31039880253450e-05 0.00000000000000e+00
574 5.08750273333265e-01 -2.55545483545244e-05 0.00000000000000e+00
575 5.08731269605140e-01 -2.82500997351854e-05 0.00000000000000e+00
576 5.08710365537773e-01 -3.12151276296717e-05 0.00000000000000e+00
577 5.08687371104289e-01 -3.44765631826627e-05 0.00000000000000e+00
578 5.08662077276608e-01 -3.80640271883512e-05 0.00000000000000e+00
579 5.08634254125633e-01 -4.20100983282337e-05 0.00000000000000e+00
580 5.08603648731528e-01 -4.63506080801369e-05 0.00000000000000e+00
581 5.08569982885096e-01 -5.11249649336203e-05 0.00000000000000e+00
582 5.08532950559394e-01 -5.63765108037117e-05 0.00000000000000e+00
583 5.08492215128631e-01 -6.21529128160309e-05 0.00000000000000e+00
584 5.08447406309083e-01 -6.85065939438646e-05 0.00000000000000e+00
585 5.08398116794282e-01 -7.54952063139784e-05 0.00000000000000e+00
586 5.08343898553924e-01 -8.31821513653320e-05 0.00000000000000e+00
587 5.08284258762913e-01 -9.16371514459432e-05 0.00000000000000e+00
588 5.08218655323616e-01 -1.00936877870765e-04 0.00000000000000e+00
589 5.08146491940704e-01 -1.11165640940515e-04 0.00000000000000e+00
590 5.08067112703921e-01 -1.22416147940818e-04 0.00000000000000e+00
591 5.07979796129661e-01 -1.34790335706077e-04 0.00000000000000e+00
592 5.07883748607346e-01 -1.48400284946369e-04 0.00000000000000e+00
593 5.07778097191232e-01 -1.63369224201323e-04 0.00000000000000e+00
594 5.07661881672330e-01 -1.79832632006860e-04 0.00000000000000e+00
595 5.07534045858678e-01 -1.97939446641748e-04 0.00000000000000e+00
596 5.07393427985015e-01 -2.17853393660603e-04 0.00000000000000e+00
597 5.07238750165112e-01 -2.39754442327451e-04 0.00000000000000e+00
598 5.07068606791363e-01 -2.63840403037054e-04 0.00000000000000e+00
599 5.06881451776802e-01 -2.90328678857586e-04 0.00000000000000e+00
600 5.06675584524301e-01 -3.19458185433995e-04 0.00000000000000e+00
601 5.06449134496302e-01 -3.51491454676116e-04 0.00000000000000e+00
602 5.06200044245899e-01 -3.86716938916867e-04 0.00000000000000e+00
603 5.05926050756319e-01 -4.25451533522410e-04 0.00000000000000e+00
604 5.05624664920787e-01 -4.68043337338602e-04 0.00000000000000e+00
605 5.05293148978143e-01 -5.14874671762742e-04 0.00000000000000e+00
606 5.04928491701453e-01 -5.66365380723734e-04 0.00000000000000e+00
607 5.04527381116910e-01 -6.22976435324308e-04 0.00000000000000e+00
608 5.04086174508465e-01 -6.85213868414617e-04 0.00000000000000e+00
609 5.03600865439719e-01 -7.53633065824496e-04 0.00000000000000e+00
610 5.03067047498353e-01 -8.28843442392091e-04 0.00000000000000e+00
611 5.02479874439694e-01 -9.11513532224136e-04 0.00000000000000e+00
612 5.01834016374585e-01 -1.00237652375211e-03 0.00000000000000e+00
613 5.01123611612368e-01 -1.10223627103695e-03 0.00000000000000e+00
614 5.00342213732269e-01 -1.21197381332850e-03 0.00000000000000e+00
615 4.99482733415431e-01 -1.33255443501193e-03 0.00000000000000e+00
616 4.98537374525143e-01 -1.46503529759916e-03 0.00000000000000e+00
617 4.97497563874015e-01 -1.61057367424290e-03 0.00000000000000e+00
618 4.96353874063750e-01 -1.77043581511115e-03 0.00000000000000e+00
619 4.95095938725430e-01 -1.94600646867322e-03 0.00000000000000e+00
620 4.93712359425476e-01 -2.13879907921332e-03 0.00000000000000e+00
621 4.92190603434475e-01 -2.35046667438593e-03 0.00000000000000e+00
622 4.90516891482459e-01 -2.58281344797510e-03 0.00000000000000e+00
623 4.88676074544741e-01 -2.83780703176604e-03 0.00000000000000e+00
624 4.86651498616829e-01 -3.11759143605667e-03 0.00000000000000e+00
625 4.84424856344952e-01 -3.42450062022741e-03 0.00000000000000e+00
626 4.81976024280335e-01 -3.76107263223582e-03 0.00000000000000e+00
627 4.79282884420370e-01 -4.13006422809589e-03 0.00000000000000e+00
628 4.76321128588432e-01 -4.53446584839253e-03 0.00000000000000e+00
629 4.73064044086513e-01 -4.97751678754825e-03 0.00000000000000e+00
630 4.69482278931515e-01 -5.46272034157840e-03 0.00000000000000e+00
631 4.65543584857805e-01 -5.99385865986070e-03 0.00000000000000e+00
632 4.61212536136457e-01 -6.57500695396837e-03 0.00000000000000e+00
633 4.56450222127136e-01 -7.21054662934801e-03 0.00000000000000e+00
634 4.51213911343765e-01 -7.90517680010638e-03 0.00000000000000e+00
635 4.45456684682654e-01 -8.66392351861388e-03 0.00000000000000e+00
636 4.39127035335067e-01 -9.49214589325157e-03 0.00000000000000e+00
637 4.32168432789457e-01 -1.03955380692431e-02 0.00000000000000e+00
638 4.24518848227005e-01 -1.13801257939792e-02 0.00000000000000e+00
639 4.16110238533887e-01 -1.24522559563391e-02 0.00000000000000e+00
640 4.06867986102112e-01 -1.36185770435262e-02 0.00000000000000e+00
641 3.96710291576186e-01 -1.48860078438059e-02 0.00000000000000e+00
642 3.85547516734630e-01 -1.62616908540202e-02 0.00000000000000e+00
643 3.73281474783476e-01 -1.77529255951997e-02 0.00000000000000e+00
644 3.59804665493872e-01 -1.93670751948008e-02 0.00000000000000e+00
645 3.44999452848348e-01 -2.11114368469569e-02 0.00000000000000e+00
646 3.28737183180577e-01 -2.29930626308043e-02 0.00000000000000e+00
647 3.10877242212398e-01 -2.50185109103576e-02 0.00000000000000e+00
648 2.91266049923446e-01 -2.71934990167261e-02 0.00000000000000e+00
649 2.69735992857765e-01 -2.95224133639074e-02 0.00000000000000e+00
650 2.46104294334204e-01 -3.20076108406179e-02 0.00000000000000e+00
651 2.20171824217135e-01 -3.46484109746554e-02 0.00000000000000e+00
652 1.91721851740800e-01 -3.74396251916713e-02 0.00000000000000e+00
653 1.60518748112089e-01 -4.03693864838412e-02 0.00000000000000e+00
654 1.26306651963704e-01 -4.34159116177481e-02 0.00000000000000e+00
655 8.88081241295471e-02 -4.65426168165489e-02 0.00000000000000e+00
656 4.74643992128508e-02 -4.97094798977234e-02 0.00000000000000e+00
201 102 202 203 
202 102 203 204 
203 102 204 205 
204 102 205 206 
205 102 206 207 
206 102 207 208 
207 102 208 209 
208 102 209 210 
209 102 210 211 
210 102 211 212 
211 102 212 213 
212 102 213 214 
213 102 214 215 
214 102 215 216 
215 102 216 217 
216 102 217 218 
217 102 218 219 
218 102 219 220 
219 102 220 221 
220 102 221 222 
221 102 222 223 
222 102 223 224 
223 102 224 225 
224 102 225 226 
225 102 226 227 
226 102 227 228 
227 102 228 229 
228 102 229 230 
229 102 230 231 
230 102 231 232 
231 102 232 233 
232 102 233 234 
233 102 234 235 
234 102 235 236 
235 102 236 237 
236 102 237 238 
237 102 238 239 
238 102 239 240 
239 102 240 241 
240 102 241 242 
241 102 242 243 
242 102 243 244 
243 102 244 245 
244 102 245 246 
245 102 246 247 
246 102 247 248 
247 102 248 249 
248 102 249 250 
249 102 250 251 
250 102 251 252 
251 102 252 253 
252 102 253 254 
253 102 254 255 
254 102 255 256 
255 102 256 257 
256 102 257 258 
257 102 258 259 
258 102 259 260 
259 102 260 261 
260 102 261 262 
261 102 262 263 
262 102 263 264 
263 102 264 265 
264 102 265 266 
265 102 266 267 
266 102 267 268 
267 102 268 269 
268 102 269 270 
269 102 270 271 
270 102 271 272 
271 102 272 273 
272 102 273 274 
273 102 274 275 
274 102 275 276 
275 102 276 277 
276 102 277 278 
277 102 278 279 
278 102 279 280 
279 102 280 281 
280 102 281 282 
281 102 282 283 
282 102 283 284 
283 102 284 285 
284 102 285 286 
285 102 286 287 
286 102 287 288 
287 102 288 289 
288 102 289 290 
289 102 290 291 
290 102 291 292 
291 102 292 293 
292 102 293 294 
293 102 294 295 
294 102 295 296 
295 102 296 297 
296 102 297 298 
297 102 298 299 
298 102 299 300 
299 102 300 301 
300 102 301 302 
301 102 302 303 
302 102 303 304 
303 102 304 305 
304 102 305 306 
305 102 306 307 
306 102 307 308 
307 102 308 309 
308 102 309 310 
309 102 310 311 
310 102 311 312 
311 102 312 313 
312 102 313 314 
313 102 314 315 
314 102 315 201 
315 102 316 317 
316 102 317 318 
317 102 318 319 
318 102 319 320 
319 102 320 321 
320 102 321 322 
321 102 322 323 
322 102 323 324 
323 102 324 325 
324 102 325 326 
325 102 326 327 
326 102 327 328 
327 102 328 329 
328 102 329 330 
329 102 330 331 
330 102 331 332 
331 102 332 333 
332 102 333 334 
333 102 334 335 
334 102 335 336 
335 102 336 337 
336 102 337 338 
337 102 338 339 
338 102 339 340 
339 102 340 341 
340 102 341 342 
341 102 342 343 
342 102 343 344 
343 102 344 345 
344 102 345 346 
345 102 346 347 
346 102 347 348 
347 102 348 349 
348 102 349 350 
349 102 350 351 
350 102 351 352 
351 102 352 353 
352 102 353 354 
353 102 354 355 
354 102 355 356 
355 102 356 357 
356 102 357 358 
357 102 358 359 
358 102 359 360 
359 102 360 361 
360 102 361 362 
361 102 362 363 
362 102 363 364 
363 102 364 365 
364 102 365 366 
365 102 366 367 
366 102 367 368 
367 102 368 369 
368 102 369 370 
369 102 370 371 
370 102 371 372 
371 102 372 373 
372 102 373 374 
373 102 374 375 
374 102 375 376 
375 102 376 377 
376 102 377 378 
377 102 378 379 
378 102 379 380 
379 102 380 381 
380 102 381 382 
381 102 382 383 
382 102 383 384 
383 102 384 385 
384 102 385 386 
385 102 386 387 
386 102 387 388 
387 102 388 389 
388 102 389 390 
389 102 390 391 
390 102 391 392 
391 102 392 393 
392 102 393 394 
393 102 394 395 
394 102 395 396 
395 102 396 397 
396 102 397 398 
397 102 398 399 
398 102 399 400 
399 102 400 401 
400 102 401 402 
401 102 402 403 
402 102 403 404 
403 102 404 405 
404 102 405 406 
405 102 406 407 
406 102 407 408 
407 102 408 409 
408 102 409 410 
409 102 410 411 
410 102 411 412 
411 102 412 413 
412 102 413 414 
413 102 414 415 
414 102 415 416 
415 102 416 417 
416 102 417 418 
417 102 418 419 
418 102 419 420 
419 102 420 421 
420 102 421 422 
421 102 422 423 
422 102 423 424 
423 102 424 425 
424 102 425 426 
425 102 426 427 
426 102 427 428 
427 102 428 429 
428 102 429 201 
429 102 316 431 
430 102 431 432 
431 102 432 433 
432 102 433 434 
433 102 434 435 
434 102 435 436 
435 102 436 437 
436 102 437 438 
437 102 438 439 
438 102 439 440 
439 102 440 441 
440 102 441 442 
441 102 442 443 
442 102 443 444 
443 102 444 445 
444 102 445 446 
445 102 446 447 
446 102 447 448 
447 102 448 449 
448 102 449 450 
449 102 450 451 
450 102 451 452 
451 102 452 453 
452 102 453 454 
453 102 454 455 
454 102 455 456 
455 102 456 457 
456 102 457 458 
457 102 458 459 
458 102 459 460 
459 102 460 461 
460 102 461 462 
461 102 462 463 
462 102 463 464 
463 102 464 465 
464 102 465 466 
465 102 466 467 
466 102 467 468 
467 102 468 469 
468 102 469 470 
469 102 470 471 
470 102 471 472 
471 102 472 473 
472 102 473 474 
473 102 474 475 
474 102 475 476 
475 102 476 477 
476 102 477 478 
477 102 478 479 
478 102 479 480 
479 102 480 481 
480 102 481 482 
481 102 482 483 
482 102 483 484 
483 102 484 485 
484 102 485 486 
485 102 486 487 
486 102 487 488 
487 102 488 489 
488 102 489 490 
489 102 490 491 
490 102 491 492 
491 102 492 493 
492 102 493 494 
493 102 494 495 
494 102 495 496 
495 102 496 497 
496 102 497 498 
497 102 498 499 
498 102 499 500 
499 102 500 501 
500 102 501 502 
501 102 502 503 
502 102 503 504 
503 102 504 505 
504 102 505 506 
505 102 506 507 
506 102 507 508 
507 102 508 509 
508 102 509 510 
509 102 510 511 
510 102 511 512 
511 102 512 513 
512 102 513 514 
513 102 514 515 
514 102 515 516 
515 102 516 517 
516 102 517 518 
517 102 518 519 
518 102 519 520 
519 102 520 521 
520 102 521 522 
521 102 522 523 
522 102 523 524 
523 102 524 525 
524 102 525 526 
525 102 526 527 
526 102 527 528 
527 102 528 529 
528 102 529 530 
529 102 530 531 
530 102 531 532 
531 102 532 533 
532 102 533 534 
533 102 534 535 
534 102 535 536 
535 102 536 537 
536 102 537 538 
537 102 538 539 
538 102 539 540 
539 102 540 541 
540 102 541 542 
541 102 542 543 
542 102 543 430 
543 102 202 544 
544 102 544 545 
545 102 545 546 
546 102 546 547 
547 102 547 548 
548 102 548 549 
549 102 549 550 
550 102 550 551 
551 102 551 552 
552 102 552 553 
553 102 553 554 
554 102 554 555 
555 102 555 556 
556 102 556 557 
557 102 557 558 
558 102 558 559 
559 102 559 560 
560 102 560 561 
561 102 561 562 
562 102 562 563 
563 102 563 564 
564 102 564 565 
565 102 565 566 
566 102 566 567 
567 102 567 568 
568 102 568 569 
569 102 569 570 
570 102 570 571 
571 102 571 572 
572 102 572 573 
573 102 573 574 
574 102 574 575 
575 102 575 576 
576 102 576 577 
577 102 577 578 
578 102 578 579 
579 102 579 580 
580 102 580 581 
581 102 581 582 
582 102 582 583 
583 102 583 584 
584 102 584 585 
585 102 585 586 
586 102 586 587 
587 102 587 588 
588 102 588 589 
589 102 589 590 
590 102 590 591 
591 102 591 592 
592 102 592 593 
593 102 593 594 
594 102 594 595 
595 102 595 596 
596 102 596 597 
597 102 597 598 
598 102 598 599 
599 102 599 600 
600 102 600 601 
601 102 601 602 
602 102 602 603 
603 102 603 604 
604 102 604 605 
605 102 605 606 
606 102 606 607 
607 102 607 608 
608 102 608 609 
609 102 609 610 
610 102 610 611 
611 102 611 612 
612 102 612 613 
613 102 613 614 
614 102 614 615 
615 102 615 616 
616 102 616 617 
617 102 617 618 
618 102 618 619 
619 102 619 620 
620 102 620 621 
621 102 621 622 
622 102 622 623 
623 102 623 624 
624 102 624 625 
625 102 625 626 
626 102 626 627 
627 102 627 628 
628 102 628 629 
629 102 629 630 
630 102 630 631 
631 102 631 632 
632 102 632 633 
633 102 633 634 
634 102 634 635 
635 102 635 636 
636 102 636 637 
637 102 637 638 
638 102 638 639 
639 102 639 640 
640 102 640 641 
641 102 641 642 
642 102 642 643 
643 102 643 644 
644 102 644 645 
645 102 645 646 
646 102 646 647 
647 102 647 648 
648 102 648 649 
649 102 649 650 
650 102 650 651 
651 102 651 652 
652 102 652 653 
653 102 653 654 
654 102 654 655 
655 102 655 656 
656 102 656 430 
