648 648
201 1.29666220317109e-17 5.29402520005716e-02 0.00000000000000e+00
202 5.08930411365000e-01 -1.24651999853379e-16 0.00000000000000e+00
203 5.08930401464151e-01 1.40472173767756e-09 0.00000000000000e+00
204 5.08930390573217e-01 2.94989347158678e-09 0.00000000000000e+00
205 5.08930378593189e-01 4.64958235573470e-09 0.00000000000000e+00
206 5.08930365415159e-01 6.51924009941728e-09 0.00000000000000e+00
207 5.08930350919326e-01 8.57586358250098e-09 0.00000000000000e+00
208 5.08930334973909e-01 1.08381493715774e-08 0.00000000000000e+00
209 5.08930317433951e-01 1.33266636883837e-08 0.00000000000000e+00
210 5.08930298139997e-01 1.60640293749489e-08 0.00000000000000e+00
211 5.08930276916648e-01 1.90751315552018e-08 0.00000000000000e+00
212 5.08930253570963e-01 2.23873438628025e-08 0.00000000000000e+00
213 5.08930227890711e-01 2.60307772914530e-08 0.00000000000000e+00
214 5.08930199642432e-01 3.00385539301977e-08 0.00000000000000e+00
215 5.08930168569326e-01 3.44471080721503e-08 0.00000000000000e+00
216 5.08930134388910e-01 3.92965174339320e-08 0.00000000000000e+00
217 5.08930096790451e-01 4.46308674966805e-08 0.00000000000000e+00
218 5.08930055432147e-01 5.04986522810999e-08 0.00000000000000e+00
219 5.08930009938013e-01 5.69532151995966e-08 0.00000000000000e+00
220 5.08929959894465e-01 6.40532339932598e-08 0.00000000000000e+00
221 5.08929904846562e-01 7.18632541621242e-08 0.00000000000000e+00
222 5.08929844293868e-01 8.04542757377885e-08 0.00000000000000e+00
223 5.08929777685905e-01 8.99043987328513e-08 0.00000000000000e+00
224 5.08929704417146e-01 1.00299533134234e-07 0.00000000000000e+00
225 5.08929623821511e-01 1.11734179894983e-07 0.00000000000000e+00
226 5.08929535166312e-01 1.24312290024090e-07 0.00000000000000e+00
227 5.08929437645593e-01 1.38148209583764e-07 0.00000000000000e+00
228 5.08929330372802e-01 1.53367719184764e-07 0.00000000000000e+00
229 5.08929212372732e-01 1.70109177429159e-07 0.00000000000000e+00
230 5.08929082572654e-01 1.88524778694769e-07 0.00000000000000e+00
231 5.08928939792568e-01 2.08781936695052e-07 0.00000000000000e+00
232 5.08928782734473e-01 2.31064806391167e-07 0.00000000000000e+00
233 5.08928609970568e-01 2.55575958090828e-07 0.00000000000000e+00
234 5.08928419930272e-01 2.82538218951524e-07 0.00000000000000e+00
235 5.08928210885945e-01 3.12196698627467e-07 0.00000000000000e+00
236 5.08927980937184e-01 3.44821017473328e-07 0.00000000000000e+00
237 5.08927727993547e-01 3.80707757558582e-07 0.00000000000000e+00
238 5.08927449755543e-01 4.20183158771685e-07 0.00000000000000e+00
239 5.08927143693738e-01 4.63606084520517e-07 0.00000000000000e+00
240 5.08926807025750e-01 5.11371283985635e-07 0.00000000000000e+00
241 5.08926436690961e-01 5.63912980578412e-07 0.00000000000000e+00
242 5.08926029322690e-01 6.21708819219683e-07 0.00000000000000e+00
243 5.08925581217588e-01 6.85284208316063e-07 0.00000000000000e+00
244 5.08925088301970e-01 7.55217095897188e-07 0.00000000000000e+00
245 5.08924546094786e-01 8.32143223322357e-07 0.00000000000000e+00
246 5.08923949666876e-01 9.16761904304106e-07 0.00000000000000e+00
247 5.08923293596167e-01 1.00984238176910e-06 0.00000000000000e+00
248 5.08922571918377e-01 1.11223082032670e-06 0.00000000000000e+00
249 5.08921778072796e-01 1.22485799788895e-06 0.00000000000000e+00
250 5.08920904842643e-01 1.34874776633783e-06 0.00000000000000e+00
251 5.08919944289456e-01 1.48502635811964e-06 0.00000000000000e+00
252 5.08918887680929e-01 1.63493262333056e-06 0.00000000000000e+00
253 5.08917725411523e-01 1.79982929030669e-06 0.00000000000000e+00
254 5.08916446915146e-01 1.98121535202645e-06 0.00000000000000e+00
255 5.08915040569093e-01 2.18073969085477e-06 0.00000000000000e+00
256 5.08913493588389e-01 2.40021606540035e-06 0.00000000000000e+00
257 5.08911791909559e-01 2.64163959562168e-06 0.00000000000000e+00
258 5.08909920062778e-01 2.90720489591487e-06 0.00000000000000e+00
259 5.08907861031239e-01 3.19932602084898e-06 0.00000000000000e+00
260 5.08905596096447e-01 3.52065840478603e-06 0.00000000000000e+00
261 5.08903104668057e-01 3.87412299439818e-06 0.00000000000000e+00
262 5.08900364096684e-01 4.26293279338855e-06 0.00000000000000e+00
263 5.08897349468000e-01 4.69062206029115e-06 0.00000000000000e+00
264 5.08894033376236e-01 5.16107842439149e-06 0.00000000000000e+00
265 5.08890385675041e-01 5.67857821123121e-06 0.00000000000000e+00
266 5.08886373203417e-01 6.24782529823378e-06 0.00000000000000e+00
267 5.08881959484258e-01 6.87399385295316e-06 0.00000000000000e+00
268 5.08877104392731e-01 7.56277534159059e-06 0.00000000000000e+00
269 5.08871763791505e-01 8.32043023405960e-06 0.00000000000000e+00
270 5.08865889129494e-01 9.15384487435051e-06 0.00000000000000e+00
271 5.08859427000482e-01 1.00705940316314e-05 0.00000000000000e+00
272 5.08852318657600e-01 1.10790096988362e-05 0.00000000000000e+00
273 5.08844499479258e-01 1.21882567618893e-05 0.00000000000000e+00
274 5.08835898381664e-01 1.34084162246929e-05 0.00000000000000e+00
275 5.08826437172595e-01 1.47505767431127e-05 0.00000000000000e+00
276 5.08816029840543e-01 1.62269352960263e-05 0.00000000000000e+00
277 5.08804581772775e-01 1.78509079037129e-05 0.00000000000000e+00
278 5.08791988895190e-01 1.96372513941707e-05 0.00000000000000e+00
279 5.08778136726170e-01 2.16021973171357e-05 0.00000000000000e+00
280 5.08762899335798e-01 2.37635992145008e-05 0.00000000000000e+00
281 5.08746138201007e-01 2.61410945754326e-05 0.00000000000000e+00
282 5.08727700946224e-01 2.87562829357686e-05 0.00000000000000e+00
283 5.08707419958083e-01 3.16329217253747e-05 0.00000000000000e+00
284 5.08685110861594e-01 3.47971416252587e-05 0.00000000000000e+00
285 5.08660570843920e-01 3.82776833696851e-05 0.00000000000000e+00
286 5.08633576810524e-01 4.21061581187669e-05 0.00000000000000e+00
287 5.08603883356903e-01 4.63173337355695e-05 0.00000000000000e+00
288 5.08571220537492e-01 5.09494495303438e-05 0.00000000000000e+00
289 5.08535291411425e-01 5.60445622849330e-05 0.00000000000000e+00
290 5.08495769342851e-01 6.16489266446556e-05 0.00000000000000e+00
291 5.08452295031246e-01 6.78134132651656e-05 0.00000000000000e+00
292 5.08404473244718e-01 7.45939684302383e-05 0.00000000000000e+00
293 5.08351869226596e-01 8.20521192155728e-05 0.00000000000000e+00
294 5.08294004742616e-01 9.02555286661240e-05 0.00000000000000e+00
295 5.08230353732760e-01 9.92786058829981e-05 0.00000000000000e+00
296 5.08160337528197e-01 1.09203176383612e-04 0.00000000000000e+00
297 5.08083319589805e-01 1.20119218608542e-04 0.00000000000000e+00
298 5.07998599720438e-01 1.32125673003706e-04 0.00000000000000e+00
299 5.07905407698257e-01 1.45331330710567e-04 0.00000000000000e+00
300 5.07802896273223e-01 1.59855809553183e-04 0.00000000000000e+00
301 5.07690133463019e-01 1.75830625723140e-04 0.00000000000000e+00
302 5.07566094078306e-01 1.93400370336760e-04 0.00000000000000e+00
303 5.07429650400179e-01 2.12724000871334e-04 0.00000000000000e+00
304 5.07279561925002e-01 2.33976258389172e-04 0.00000000000000e+00
305 5.07114464083247e-01 2.57349222427920e-04 0.00000000000000e+00
306 5.06932855829681e-01 2.83054016482443e-04 0.00000000000000e+00
307 5.06733085991885e-01 3.11322678116259e-04 0.00000000000000e+00
308 5.06513338252825e-01 3.42410208931300e-04 0.00000000000000e+00
309 5.06271614630704e-01 3.76596820905746e-04 0.00000000000000e+00
310 5.06005717305623e-01 4.14190396937447e-04 0.00000000000000e+00
311 5.05713228627497e-01 4.55529184858139e-04 0.00000000000000e+00
312 5.05391489123061e-01 5.00984745660420e-04 0.00000000000000e+00
313 5.05037573301521e-01 5.50965178222104e-04 0.00000000000000e+00
314 5.04648263038320e-01 6.05918644393235e-04 0.00000000000000e+00
315 5.04220018294309e-01 6.66337219938401e-04 0.00000000000000e+00
316 5.03748944903291e-01 7.32761098434718e-04 0.00000000000000e+00
317 5.03230759134044e-01 8.05783176835106e-04 0.00000000000000e+00
318 5.02660748703447e-01 8.86054052942668e-04 0.00000000000000e+00
319 5.02033729884778e-01 9.74287466468617e-04 0.00000000000000e+00
320 5.01344000319531e-01 1.07126621660893e-03 0.00000000000000e+00
321 5.00585287101644e-01 1.17784859008440e-03 0.00000000000000e+00
322 4.99750689659698e-01 1.29497533425767e-03 0.00000000000000e+00
323 4.98832616914881e-01 1.42367721017001e-03 0.00000000000000e+00
324 4.97822718139912e-01 1.56508315993901e-03 0.00000000000000e+00
325 4.96711806886238e-01 1.72042912183712e-03 0.00000000000000e+00
326 4.95489777283069e-01 1.89106752423676e-03 0.00000000000000e+00
327 4.94145511941583e-01 2.07847748628324e-03 0.00000000000000e+00
328 4.92666780620384e-01 2.28427574832648e-03 0.00000000000000e+00
329 4.91040128723138e-01 2.51022834843691e-03 0.00000000000000e+00
330 4.89250754605657e-01 2.75826305240190e-03 0.00000000000000e+00
331 4.87282374566481e-01 3.03048253289753e-03 0.00000000000000e+00
332 4.85117074281519e-01 3.32917827855427e-03 0.00000000000000e+00
333 4.82735145318241e-01 3.65684519468242e-03 0.00000000000000e+00
334 4.80114905227447e-01 4.01619683375136e-03 0.00000000000000e+00
335 4.77232499559237e-01 4.41018116440425e-03 0.00000000000000e+00
336 4.74061683983390e-01 4.84199675175182e-03 0.00000000000000e+00
337 4.70573584511260e-01 5.31510917764822e-03 0.00000000000000e+00
338 4.66736433615055e-01 5.83326747600984e-03 0.00000000000000e+00
339 4.62515279819100e-01 6.40052029299231e-03 0.00000000000000e+00
340 4.57871668094593e-01 7.02123140243046e-03 0.00000000000000e+00
341 4.52763288122136e-01 7.70009410988405e-03 0.00000000000000e+00
342 4.47143587192731e-01 8.44214395912248e-03 0.00000000000000e+00
343 4.40961344195047e-01 9.25276900602236e-03 0.00000000000000e+00
344 4.34160200781575e-01 1.01377167365001e-02 0.00000000000000e+00
345 4.26678145414786e-01 1.11030964619945e-02 0.00000000000000e+00
346 4.18446945562104e-01 1.21553757048429e-02 0.00000000000000e+00
347 4.09391522829391e-01 1.33013686507829e-02 0.00000000000000e+00
348 3.99429265289032e-01 1.45482141409793e-02 0.00000000000000e+00
349 3.88469270660539e-01 1.59033398147352e-02 0.00000000000000e+00
350 3.76411513325041e-01 1.73744077609990e-02 0.00000000000000e+00
351 3.63145927381404e-01 1.89692351807024e-02 0.00000000000000e+00
352 3.48551397055464e-01 2.06956807726711e-02 0.00000000000000e+00
353 3.32494644720440e-01 2.25614833172454e-02 0.00000000000000e+00
354 3.14829005529978e-01 2.45740324352978e-02 0.00000000000000e+00
355 2.95393076147308e-01 2.67400414763268e-02 0.00000000000000e+00
356 2.74009223206140e-01 2.90650769343367e-02 0.00000000000000e+00
357 2.50481934896041e-01 3.15528745215235e-02 0.00000000000000e+00
358 2.24595996403346e-01 3.42043339393730e-02 0.00000000000000e+00
359 1.96114466977361e-01 3.70160241582308e-02 0.00000000000000e+00
360 1.64776433639890e-01 3.99779348352793e-02 0.00000000000000e+00
361 1.30294515508684e-01 4.30700537813530e-02 0.00000000000000e+00
362 9.23520972761009e-02 4.62570933395607e-02 0.00000000000000e+00
363 5.06523964289312e-02 4.94764277942836e-02 0.00000000000000e+00
364 -5.00000000000000e-01 1.22464679914735e-16 0.00000000000000e+00
365 -5.00000000045169e-01 9.99989811213595e-09 0.00000000000000e+00
366 -5.00000000094846e-01 2.09997860042676e-08 0.00000000000000e+00
367 -5.00000000149482e-01 3.30996626910653e-08 0.00000000000000e+00
368 -5.00000000209570e-01 4.64095271045292e-08 0.00000000000000e+00
369 -5.00000000275653e-01 6.10503780308820e-08 0.00000000000000e+00
370 -5.00000000348326e-01 7.71553141349977e-08 0.00000000000000e+00
371 -5.00000000428247e-01 9.48707439526922e-08 0.00000000000000e+00
372 -5.00000000516136e-01 1.14357716876973e-07 0.00000000000000e+00
373 -5.00000000612783e-01 1.35793387244636e-07 0.00000000000000e+00
374 -5.00000000719059e-01 1.59372624833227e-07 0.00000000000000e+00
375 -5.00000000835919e-01 1.85309786401321e-07 0.00000000000000e+00
376 -5.00000000964412e-01 2.13840664394134e-07 0.00000000000000e+00
377 -5.00000001105690e-01 2.45224630510489e-07 0.00000000000000e+00
378 -5.00000001261019e-01 2.79746993630115e-07 0.00000000000000e+00
379 -5.00000001431786e-01 3.17721593534884e-07 0.00000000000000e+00
380 -5.00000001619517e-01 3.59493654004225e-07 0.00000000000000e+00
381 -5.00000001825884e-01 4.05442921212705e-07 0.00000000000000e+00
382 -5.00000002052720e-01 4.55987115980270e-07 0.00000000000000e+00
383 -5.00000002302040e-01 5.11585731238142e-07 0.00000000000000e+00
384 -5.00000002576048e-01 5.72744209247331e-07 0.00000000000000e+00
385 -5.00000002877163e-01 6.40018536537064e-07 0.00000000000000e+00
386 -5.00000003208033e-01 7.14020298347955e-07 0.00000000000000e+00
387 -5.00000003571559e-01 7.95422238503141e-07 0.00000000000000e+00
388 -5.00000003970916e-01 8.84964375291031e-07 0.00000000000000e+00
389 -5.00000004409579e-01 9.83460728918262e-07 0.00000000000000e+00
390 -5.00000004891343e-01 1.09180672172899e-06 0.00000000000000e+00
391 -5.00000005420360e-01 1.21098731843653e-06 0.00000000000000e+00
392 -5.00000006001162e-01 1.34208598039063e-06 0.00000000000000e+00
393 -5.00000006638690e-01 1.48629451527506e-06 0.00000000000000e+00
394 -5.00000007338335e-01 1.64492391178065e-06 0.00000000000000e+00
395 -5.00000008105964e-01 1.81941625775590e-06 0.00000000000000e+00
396 -5.00000008947960e-01 2.01135785018156e-06 0.00000000000000e+00
397 -5.00000009871256e-01 2.22249361615375e-06 0.00000000000000e+00
398 -5.00000010883374e-01 2.45474297597985e-06 0.00000000000000e+00
399 -5.00000011992459e-01 2.71021729260092e-06 0.00000000000000e+00
400 -5.00000013207316e-01 2.99123906597967e-06 0.00000000000000e+00
401 -5.00000014537443e-01 3.30036304693945e-06 0.00000000000000e+00
402 -5.00000015993064e-01 3.64039946243229e-06 0.00000000000000e+00
403 -5.00000017585148e-01 4.01443956335053e-06 0.00000000000000e+00
404 -5.00000019325430e-01 4.42588372716964e-06 0.00000000000000e+00
405 -5.00000021226420e-01 4.87847237089353e-06 0.00000000000000e+00
406 -5.00000023301389e-01 5.37631995535391e-06 0.00000000000000e+00
407 -5.00000025564353e-01 5.92395238999624e-06 0.00000000000000e+00
408 -5.00000028030013e-01 6.52634817821954e-06 0.00000000000000e+00
409 -5.00000030713686e-01 7.18898367732690e-06 0.00000000000000e+00
410 -5.00000033631176e-01 7.91788288457432e-06 0.00000000000000e+00
411 -5.00000036798610e-01 8.71967220191983e-06 0.00000000000000e+00
412 -5.00000040232205e-01 9.60164067736443e-06 0.00000000000000e+00
413 -5.00000043947957e-01 1.05718062705620e-05 0.00000000000000e+00
414 -5.00000047961229e-01 1.16389887451160e-05 0.00000000000000e+00
415 -5.00000052286225e-01 1.28128898502455e-05 0.00000000000000e+00
416 -5.00000056935304e-01 1.41041815207587e-05 0.00000000000000e+00
417 -5.00000061918112e-01 1.55246028971250e-05 0.00000000000000e+00
418 -5.00000067240479e-01 1.70870670476596e-05 0.00000000000000e+00
419 -5.00000072903037e-01 1.88057783629228e-05 0.00000000000000e+00
420 -5.00000078899487e-01 2.06963616895044e-05 0.00000000000000e+00
421 -5.00000085214436e-01 2.27760043769430e-05 0.00000000000000e+00
422 -5.00000091820710e-01 2.50636125288694e-05 0.00000000000000e+00
423 -5.00000098676032e-01 2.75799828784604e-05 0.00000000000000e+00
424 -5.00000105718908e-01 3.03479918501314e-05 0.00000000000000e+00
425 -5.00000112863560e-01 3.33928035253832e-05 0.00000000000000e+00
426 -5.00000119993699e-01 3.67420984022184e-05 0.00000000000000e+00
427 -5.00000126954863e-01 4.04263250260786e-05 0.00000000000000e+00
428 -5.00000133545043e-01 4.44789767775220e-05 0.00000000000000e+00
429 -5.00000139503187e-01 4.89368963295886e-05 0.00000000000000e+00
430 -5.00000144495153e-01 5.38406105381393e-05 0.00000000000000e+00
431 -5.00000148096551e-01 5.92346988033694e-05 0.00000000000000e+00
432 -5.00000149771800e-01 6.51681982426631e-05 0.00000000000000e+00
433 -5.00000148848600e-01 7.16950493464711e-05 0.00000000000000e+00
434 -5.00000144486835e-01 7.88745861526684e-05 0.00000000000000e+00
435 -5.00000135640711e-01 8.67720753738518e-05 0.00000000000000e+00
436 -5.00000121012711e-01 9.54593093493415e-05 0.00000000000000e+00
437 -5.00000098997604e-01 1.05015258172624e-04 0.00000000000000e+00
438 -5.00000067614419e-01 1.15526786869049e-04 0.00000000000000e+00
439 -5.00000024423835e-01 1.27089444071290e-04 0.00000000000000e+00
440 -4.99999966427896e-01 1.39808329265120e-04 0.00000000000000e+00
441 -4.99999889948344e-01 1.53799046383038e-04 0.00000000000000e+00
442 -4.99999790479056e-01 1.69188752123109e-04 0.00000000000000e+00
443 -4.99999662507149e-01 1.86117308513263e-04 0.00000000000000e+00
444 -4.99999499296191e-01 2.04738549666928e-04 0.00000000000000e+00
445 -4.99999292623573e-01 2.25221673930673e-04 0.00000000000000e+00
446 -4.99999032462475e-01 2.47752773497601e-04 0.00000000000000e+00
447 -4.99998706596870e-01 2.72536514642253e-04 0.00000000000000e+00
448 -4.99998300155634e-01 2.99797982851999e-04 0.00000000000000e+00
449 -4.99997795048960e-01 3.29784708296739e-04 0.00000000000000e+00
450 -4.99997169286852e-01 3.62768888277125e-04 0.00000000000000e+00
451 -4.99996396155336e-01 3.99049824497369e-04 0.00000000000000e+00
452 -4.99995443221085e-01 4.38956594186692e-04 0.00000000000000e+00
453 -4.99994271129230e-01 4.82850975193861e-04 0.00000000000000e+00
454 -4.99992832152074e-01 5.31130646132418e-04 0.00000000000000e+00
455 -4.99991068437944e-01 5.84232683364899e-04 0.00000000000000e+00
456 -4.99988909899418e-01 6.42637376953302e-04 0.00000000000000e+00
457 -4.99986271668175e-01 7.06872387496879e-04 0.00000000000000e+00
458 -4.99983051029614e-01 7.77517264795925e-04 0.00000000000000e+00
459 -4.99979123733677e-01 8.55208347216974e-04 0.00000000000000e+00
460 -4.99974339558689e-01 9.40644057090754e-04 0.00000000000000e+00
461 -4.99968516982024e-01 1.03459060192966e-03 0.00000000000000e+00
462 -4.99961436784667e-01 1.13788808303459e-03 0.00000000000000e+00
463 -4.99952834385723e-01 1.25145700131065e-03 0.00000000000000e+00
464 -4.99942390667339e-01 1.37630513373289e-03 0.00000000000000e+00
465 -4.99929721009916e-01 1.51353473151531e-03 0.00000000000000e+00
466 -4.99914362211741e-01 1.66434996091374e-03 0.00000000000000e+00
467 -4.99895756916151e-01 1.83006446759726e-03 0.00000000000000e+00
468 -4.99873235113319e-01 2.01210889303079e-03 0.00000000000000e+00
469 -4.99845992223112e-01 2.21203810313102e-03 0.00000000000000e+00
470 -4.99813063201204e-01 2.43153780172850e-03 0.00000000000000e+00
471 -4.99773292043895e-01 2.67243008943183e-03 0.00000000000000e+00
472 -4.99725295999276e-01 2.93667738668837e-03 0.00000000000000e+00
473 -4.99667423725104e-01 3.22638396117052e-03 0.00000000000000e+00
474 -4.99597706567524e-01 3.54379407511760e-03 0.00000000000000e+00
475 -4.99513802068669e-01 3.89128548652733e-03 0.00000000000000e+00
476 -4.99412926918017e-01 4.27135618308134e-03 0.00000000000000e+00
477 -4.99291769027449e-01 4.68659926899493e-03 0.00000000000000e+00
478 -4.99146399367496e-01 5.13966837453223e-03 0.00000000000000e+00
479 -4.98972171205520e-01 5.63322749466593e-03 0.00000000000000e+00
480 -4.98763682848498e-01 6.16991135001776e-03 0.00000000000000e+00
481 -4.98514861299332e-01 6.75233149853108e-03 0.00000000000000e+00
482 -4.98218775593963e-01 7.38297709305118e-03 0.00000000000000e+00
483 -4.97867519147635e-01 8.06411955112521e-03 0.00000000000000e+00
484 -4.97452204994555e-01 8.79775882343326e-03 0.00000000000000e+00
485 -4.96962990049317e-01 9.58559144354761e-03 0.00000000000000e+00
486 -4.96389025859056e-01 1.04289464642397e-02 0.00000000000000e+00
487 -4.95718471161198e-01 1.13287673392898e-02 0.00000000000000e+00
488 -4.94938492780758e-01 1.22856079543522e-02 0.00000000000000e+00
489 -4.94035262947802e-01 1.32996533099744e-02 0.00000000000000e+00
490 -4.92993938753796e-01 1.43707583941541e-02 0.00000000000000e+00
491 -4.91798618150681e-01 1.54985019453451e-02 0.00000000000000e+00
492 -4.90432264250313e-01 1.66822455350176e-02 0.00000000000000e+00
493 -4.88876596263587e-01 1.79211914810969e-02 0.00000000000000e+00
494 -4.87111945088795e-01 1.92144306215562e-02 0.00000000000000e+00
495 -4.85117076876840e-01 2.05609762133717e-02 0.00000000000000e+00
496 -4.82868986429470e-01 2.19597795508549e-02 0.00000000000000e+00
497 -4.80342663809967e-01 2.34097262194295e-02 0.00000000000000e+00
498 -4.77510836421977e-01 2.49096127681199e-02 0.00000000000000e+00
499 -4.74343687934428e-01 2.64581045615549e-02 0.00000000000000e+00
500 -4.70808554136287e-01 2.80536755607185e-02 0.00000000000000e+00
501 -4.66869594856091e-01 2.96945308874600e-02 0.00000000000000e+00
502 -4.62487439934450e-01 3.13785123305618e-02 0.00000000000000e+00
503 -4.57618806575811e-01 3.31029865376058e-02 0.00000000000000e+00
504 -4.52216084727914e-01 3.48647150055185e-02 0.00000000000000e+00
505 -4.46226886657555e-01 3.66597044508511e-02 0.00000000000000e+00
506 -4.39593556450941e-01 3.84830356690282e-02 0.00000000000000e+00
507 -4.32252634793031e-01 4.03286686958163e-02 0.00000000000000e+00
508 -4.24134273977423e-01 4.21892218925022e-02 0.00000000000000e+00
509 -4.15161597667900e-01 4.40557225997773e-02 0.00000000000000e+00
510 -4.05249999415784e-01 4.59173272564918e-02 0.00000000000000e+00
511 -3.94306373319834e-01 4.77610094302116e-02 0.00000000000000e+00
512 -3.82228269432449e-01 4.95712151252537e-02 0.00000000000000e+00
513 -3.68902965529221e-01 5.13294861061081e-02 0.00000000000000e+00
514 -3.54206445594956e-01 5.30140538854990e-02 0.00000000000000e+00
515 -3.38002273759218e-01 5.45994095447461e-02 0.00000000000000e+00
516 -3.20140350347380e-01 5.60558577117449e-02 0.00000000000000e+00
517 -3.00455534097731e-01 5.73490667443214e-02 0.00000000000000e+00
518 -2.78766111343932e-01 5.84396312192767e-02 0.00000000000000e+00
519 -2.54872089021049e-01 5.92826666581755e-02 0.00000000000000e+00
520 -2.28553283754224e-01 5.98274589701922e-02 0.00000000000000e+00
521 -1.99567174220384e-01 6.00171904497622e-02 0.00000000000000e+00
522 -1.67646478893388e-01 5.97887570421809e-02 0.00000000000000e+00
523 -1.32496417080904e-01 5.90726724634718e-02 0.00000000000000e+00
524 -9.37916093882467e-02 5.77930145144729e-02 0.00000000000000e+00
525 -5.06875890119699e-02 5.58425496989328e-02 0.00000000000000e+00
526 -1.29666220317109e-17 -5.29402520005716e-02 0.00000000000000e+00
527 -5.00000000045169e-01 -9.99989786720659e-09 0.00000000000000e+00
528 -5.00000000094846e-01 -2.09997857593382e-08 0.00000000000000e+00
529 -5.00000000149482e-01 -3.30996624461359e-08 0.00000000000000e+00
530 -5.00000000209570e-01 -4.64095268595999e-08 0.00000000000000e+00
531 -5.00000000275653e-01 -6.10503777859526e-08 0.00000000000000e+00
532 -5.00000000348326e-01 -7.71553138900684e-08 0.00000000000000e+00
533 -5.00000000428247e-01 -9.48707437077629e-08 0.00000000000000e+00
534 -5.00000000516136e-01 -1.14357716632044e-07 0.00000000000000e+00
535 -5.00000000612783e-01 -1.35793386999707e-07 0.00000000000000e+00
536 -5.00000000719059e-01 -1.59372624588297e-07 0.00000000000000e+00
537 -5.00000000835919e-01 -1.85309786156392e-07 0.00000000000000e+00
538 -5.00000000964412e-01 -2.13840664149204e-07 0.00000000000000e+00
539 -5.00000001105690e-01 -2.45224630265560e-07 0.00000000000000e+00
540 -5.00000001261019e-01 -2.79746993385185e-07 0.00000000000000e+00
541 -5.00000001431786e-01 -3.17721593289955e-07 0.00000000000000e+00
542 -5.00000001619517e-01 -3.59493653759296e-07 0.00000000000000e+00
543 -5.00000001825884e-01 -4.05442920967775e-07 0.00000000000000e+00
544 -5.00000002052720e-01 -4.55987115735341e-07 0.00000000000000e+00
545 -5.00000002302040e-01 -5.11585730993212e-07 0.00000000000000e+00
546 -5.00000002576048e-01 -5.72744209002402e-07 0.00000000000000e+00
547 -5.00000002877163e-01 -6.40018536292134e-07 0.00000000000000e+00
548 -5.00000003208033e-01 -7.14020298103025e-07 0.00000000000000e+00
549 -5.00000003571559e-01 -7.95422238258211e-07 0.00000000000000e+00
550 -5.00000003970916e-01 -8.84964375046102e-07 0.00000000000000e+00
551 -5.00000004409579e-01 -9.83460728673332e-07 0.00000000000000e+00
552 -5.00000004891343e-01 -1.09180672148406e-06 0.00000000000000e+00
553 -5.00000005420360e-01 -1.21098731819160e-06 0.00000000000000e+00
554 -5.00000006001162e-01 -1.34208598014570e-06 0.00000000000000e+00
555 -5.00000006638690e-01 -1.48629451503013e-06 0.00000000000000e+00
556 -5.00000007338335e-01 -1.64492391153572e-06 0.00000000000000e+00
557 -5.00000008105964e-01 -1.81941625751097e-06 0.00000000000000e+00
558 -5.00000008947960e-01 -2.01135784993663e-06 0.00000000000000e+00
559 -5.00000009871256e-01 -2.22249361590882e-06 0.00000000000000e+00
560 -5.00000010883374e-01 -2.45474297573492e-06 0.00000000000000e+00
561 -5.00000011992459e-01 -2.71021729235599e-06 0.00000000000000e+00
562 -5.00000013207316e-01 -2.99123906573474e-06 0.00000000000000e+00
563 -5.00000014537443e-01 -3.30036304669452e-06 0.00000000000000e+00
564 -5.00000015993064e-01 -3.64039946218736e-06 0.00000000000000e+00
565 -5.00000017585148e-01 -4.01443956310560e-06 0.00000000000000e+00
566 -5.00000019325430e-01 -4.42588372692471e-06 0.00000000000000e+00
567 -5.00000021226420e-01 -4.87847237064860e-06 0.00000000000000e+00
568 -5.00000023301389e-01 -5.37631995510898e-06 0.00000000000000e+00
569 -5.00000025564353e-01 -5.92395238975131e-06 0.00000000000000e+00
570 -5.00000028030013e-01 -6.52634817797461e-06 0.00000000000000e+00
571 -5.00000030713686e-01 -7.18898367708197e-06 0.00000000000000e+00
572 -5.00000033631176e-01 -7.91788288432939e-06 0.00000000000000e+00
573 -5.00000036798610e-01 -8.71967220167490e-06 0.00000000000000e+00
574 -5.00000040232205e-01 -9.60164067711950e-06 0.00000000000000e+00
575 -5.00000043947957e-01 -1.05718062703170e-05 0.00000000000000e+00
576 -5.00000047961229e-01 -1.16389887448711e-05 0.00000000000000e+00
577 -5.00000052286225e-01 -1.28128898500006e-05 0.00000000000000e+00
578 -5.00000056935304e-01 -1.41041815205138e-05 0.00000000000000e+00
579 -5.00000061918112e-01 -1.55246028968801e-05 0.00000000000000e+00
580 -5.00000067240479e-01 -1.70870670474147e-05 0.00000000000000e+00
581 -5.00000072903037e-01 -1.88057783626779e-05 0.00000000000000e+00
582 -5.00000078899487e-01 -2.06963616892595e-05 0.00000000000000e+00
583 -5.00000085214436e-01 -2.27760043766981e-05 0.00000000000000e+00
584 -5.00000091820710e-01 -2.50636125286245e-05 0.00000000000000e+00
585 -5.00000098676032e-01 -2.75799828782155e-05 0.00000000000000e+00
586 -5.00000105718908e-01 -3.03479918498865e-05 0.00000000000000e+00
587 -5.00000112863560e-01 -3.33928035251383e-05 0.00000000000000e+00
588 -5.00000119993699e-01 -3.67420984019735e-05 0.00000000000000e+00
589 -5.00000126954863e-01 -4.04263250258336e-05 0.00000000000000e+00
590 -5.00000133545043e-01 -4.44789767772771e-05 0.00000000000000e+00
591 -5.00000139503187e-01 -4.89368963293436e-05 0.00000000000000e+00
592 -5.00000144495153e-01 -5.38406105378944e-05 0.00000000000000e+00
593 -5.00000148096551e-01 -5.92346988031245e-05 0.00000000000000e+00
594 -5.00000149771800e-01 -6.51681982424182e-05 0.00000000000000e+00
595 -5.00000148848600e-01 -7.16950493462262e-05 0.00000000000000e+00
596 -5.00000144486835e-01 -7.88745861524235e-05 0.00000000000000e+00
597 -5.00000135640711e-01 -8.67720753736069e-05 0.00000000000000e+00
598 -5.00000121012711e-01 -9.54593093490965e-05 0.00000000000000e+00
599 -5.00000098997604e-01 -1.05015258172379e-04 0.00000000000000e+00
600 -5.00000067614419e-01 -1.15526786868804e-04 0.00000000000000e+00
601 -5.00000024423835e-01 -1.27089444071045e-04 0.00000000000000e+00
602 -4.99999966427896e-01 -1.39808329264875e-04 0.00000000000000e+00
603 -4.99999889948344e-01 -1.53799046382794e-04 0.00000000000000e+00
604 -4.99999790479056e-01 -1.69188752122864e-04 0.00000000000000e+00
605 -4.99999662507149e-01 -1.86117308513018e-04 0.00000000000000e+00
606 -4.99999499296191e-01 -2.04738549666683e-04 0.00000000000000e+00
607 -4.99999292623573e-01 -2.25221673930428e-04 0.00000000000000e+00
608 -4.99999032462475e-01 -2.47752773497356e-04 0.00000000000000e+00
609 -4.99998706596870e-01 -2.72536514642008e-04 0.00000000000000e+00
610 -4.99998300155634e-01 -2.99797982851755e-04 0.00000000000000e+00
611 -4.99997795048960e-01 -3.29784708296494e-04 0.00000000000000e+00
612 -4.99997169286852e-01 -3.62768888276880e-04 0.00000000000000e+00
613 -4.99996396155336e-01 -3.99049824497125e-04 0.00000000000000e+00
614 -4.99995443221085e-01 -4.38956594186447e-04 0.00000000000000e+00
615 -4.99994271129230e-01 -4.82850975193616e-04 0.00000000000000e+00
616 -4.99992832152074e-01 -5.31130646132173e-04 0.00000000000000e+00
617 -4.99991068437944e-01 -5.84232683364654e-04 0.00000000000000e+00
618 -4.99988909899418e-01 -6.42637376953057e-04 0.00000000000000e+00
619 -4.99986271668175e-01 -7.06872387496634e-04 0.00000000000000e+00
620 -4.99983051029614e-01 -7.77517264795680e-04 0.00000000000000e+00
621 -4.99979123733677e-01 -8.55208347216729e-04 0.00000000000000e+00
622 -4.99974339558689e-01 -9.40644057090509e-04 0.00000000000000e+00
623 -4.99968516982024e-01 -1.03459060192942e-03 0.00000000000000e+00
624 -4.99961436784667e-01 -1.13788808303435e-03 0.00000000000000e+00
625 -4.99952834385723e-01 -1.25145700131041e-03 0.00000000000000e+00
626 -4.99942390667339e-01 -1.37630513373265e-03 0.00000000000000e+00
627 -4.99929721009916e-01 -1.51353473151506e-03 0.00000000000000e+00
628 -4.99914362211741e-01 -1.66434996091350e-03 0.00000000000000e+00
629 -4.99895756916151e-01 -1.83006446759702e-03 0.00000000000000e+00
630 -4.99873235113319e-01 -2.01210889303055e-03 0.00000000000000e+00
631 -4.99845992223112e-01 -2.21203810313077e-03 0.00000000000000e+00
632 -4.99813063201204e-01 -2.43153780172825e-03 0.00000000000000e+00
633 -4.99773292043895e-01 -2.67243008943159e-03 0.00000000000000e+00
634 -4.99725295999276e-01 -2.93667738668812e-03 0.00000000000000e+00
635 -4.99667423725104e-01 -3.22638396117028e-03 0.00000000000000e+00
636 -4.99597706567524e-01 -3.54379407511736e-03 0.00000000000000e+00
637 -4.99513802068669e-01 -3.89128548652709e-03 0.00000000000000e+00
638 -4.99412926918017e-01 -4.27135618308110e-03 0.00000000000000e+00
639 -4.99291769027449e-01 -4.68659926899469e-03 0.00000000000000e+00
640 -4.99146399367496e-01 -5.13966837453199e-03 0.00000000000000e+00
641 -4.98972171205520e-01 -5.63322749466568e-03 0.00000000000000e+00
642 -4.98763682848498e-01 -6.16991135001752e-03 0.00000000000000e+00
643 -4.98514861299332e-01 -6.75233149853083e-03 0.00000000000000e+00
644 -4.98218775593963e-01 -7.38297709305094e-03 0.00000000000000e+00
645 -4.97867519147635e-01 -8.06411955112496e-03 0.00000000000000e+00
646 -4.97452204994555e-01 -8.79775882343302e-03 0.00000000000000e+00
647 -4.96962990049317e-01 -9.58559144354737e-03 0.00000000000000e+00
648 -4.96389025859056e-01 -1.04289464642394e-02 0.00000000000000e+00
649 -4.95718471161198e-01 -1.13287673392896e-02 0.00000000000000e+00
650 -4.94938492780758e-01 -1.22856079543520e-02 0.00000000000000e+00
651 -4.94035262947802e-01 -1.32996533099742e-02 0.00000000000000e+00
652 -4.92993938753796e-01 -1.43707583941538e-02 0.00000000000000e+00
653 -4.91798618150681e-01 -1.54985019453449e-02 0.00000000000000e+00
654 -4.90432264250313e-01 -1.66822455350173e-02 0.00000000000000e+00
655 -4.88876596263587e-01 -1.79211914810967e-02 0.00000000000000e+00
656 -4.87111945088795e-01 -1.92144306215560e-02 0.00000000000000e+00
657 -4.85117076876840e-01 -2.05609762133714e-02 0.00000000000000e+00
658 -4.82868986429470e-01 -2.19597795508547e-02 0.00000000000000e+00
659 -4.80342663809967e-01 -2.34097262194293e-02 0.00000000000000e+00
660 -4.77510836421977e-01 -2.49096127681197e-02 0.00000000000000e+00
661 -4.74343687934428e-01 -2.64581045615546e-02 0.00000000000000e+00
662 -4.70808554136287e-01 -2.80536755607182e-02 0.00000000000000e+00
663 -4.66869594856091e-01 -2.96945308874598e-02 0.00000000000000e+00
664 -4.62487439934450e-01 -3.13785123305616e-02 0.00000000000000e+00
665 -4.57618806575811e-01 -3.31029865376056e-02 0.00000000000000e+00
666 -4.52216084727914e-01 -3.48647150055183e-02 0.00000000000000e+00
667 -4.46226886657555e-01 -3.66597044508509e-02 0.00000000000000e+00
668 -4.39593556450941e-01 -3.84830356690279e-02 0.00000000000000e+00
669 -4.32252634793031e-01 -4.03286686958161e-02 0.00000000000000e+00
670 -4.24134273977423e-01 -4.21892218925020e-02 0.00000000000000e+00
671 -4.15161597667900e-01 -4.40557225997771e-02 0.00000000000000e+00
672 -4.05249999415784e-01 -4.59173272564916e-02 0.00000000000000e+00
673 -3.94306373319834e-01 -4.77610094302114e-02 0.00000000000000e+00
674 -3.82228269432449e-01 -4.95712151252535e-02 0.00000000000000e+00
675 -3.68902965529221e-01 -5.13294861061080e-02 0.00000000000000e+00
676 -3.54206445594956e-01 -5.30140538854988e-02 0.00000000000000e+00
677 -3.38002273759218e-01 -5.45994095447460e-02 0.00000000000000e+00
678 -3.20140350347380e-01 -5.60558577117448e-02 0.00000000000000e+00
679 -3.00455534097731e-01 -5.73490667443212e-02 0.00000000000000e+00
680 -2.78766111343932e-01 -5.84396312192766e-02 0.00000000000000e+00
681 -2.54872089021049e-01 -5.92826666581753e-02 0.00000000000000e+00
682 -2.28553283754224e-01 -5.98274589701921e-02 0.00000000000000e+00
683 -1.99567174220384e-01 -6.00171904497621e-02 0.00000000000000e+00
684 -1.67646478893388e-01 -5.97887570421808e-02 0.00000000000000e+00
685 -1.32496417080904e-01 -5.90726724634717e-02 0.00000000000000e+00
686 -9.37916093882468e-02 -5.77930145144728e-02 0.00000000000000e+00
687 -5.06875890119700e-02 -5.58425496989327e-02 0.00000000000000e+00
688 5.08930401464151e-01 -1.40472198698156e-09 0.00000000000000e+00
689 5.08930390573217e-01 -2.94989372089077e-09 0.00000000000000e+00
690 5.08930378593189e-01 -4.64958260503869e-09 0.00000000000000e+00
691 5.08930365415159e-01 -6.51924034872126e-09 0.00000000000000e+00
692 5.08930350919326e-01 -8.57586383180495e-09 0.00000000000000e+00
693 5.08930334973909e-01 -1.08381496208814e-08 0.00000000000000e+00
694 5.08930317433951e-01 -1.33266639376877e-08 0.00000000000000e+00
695 5.08930298139997e-01 -1.60640296242528e-08 0.00000000000000e+00
696 5.08930276916648e-01 -1.90751318045057e-08 0.00000000000000e+00
697 5.08930253570963e-01 -2.23873441121065e-08 0.00000000000000e+00
698 5.08930227890711e-01 -2.60307775407569e-08 0.00000000000000e+00
699 5.08930199642432e-01 -3.00385541795016e-08 0.00000000000000e+00
700 5.08930168569326e-01 -3.44471083214542e-08 0.00000000000000e+00
701 5.08930134388910e-01 -3.92965176832359e-08 0.00000000000000e+00
702 5.08930096790451e-01 -4.46308677459843e-08 0.00000000000000e+00
703 5.08930055432147e-01 -5.04986525304038e-08 0.00000000000000e+00
704 5.08930009938013e-01 -5.69532154489004e-08 0.00000000000000e+00
705 5.08929959894465e-01 -6.40532342425636e-08 0.00000000000000e+00
706 5.08929904846562e-01 -7.18632544114279e-08 0.00000000000000e+00
707 5.08929844293868e-01 -8.04542759870922e-08 0.00000000000000e+00
708 5.08929777685905e-01 -8.99043989821550e-08 0.00000000000000e+00
709 5.08929704417146e-01 -1.00299533383537e-07 0.00000000000000e+00
710 5.08929623821511e-01 -1.11734180144287e-07 0.00000000000000e+00
711 5.08929535166312e-01 -1.24312290273394e-07 0.00000000000000e+00
712 5.08929437645593e-01 -1.38148209833067e-07 0.00000000000000e+00
713 5.08929330372802e-01 -1.53367719434068e-07 0.00000000000000e+00
714 5.08929212372732e-01 -1.70109177678463e-07 0.00000000000000e+00
715 5.08929082572654e-01 -1.88524778944073e-07 0.00000000000000e+00
716 5.08928939792568e-01 -2.08781936944355e-07 0.00000000000000e+00
717 5.08928782734473e-01 -2.31064806640471e-07 0.00000000000000e+00
718 5.08928609970568e-01 -2.55575958340131e-07 0.00000000000000e+00
719 5.08928419930272e-01 -2.82538219200827e-07 0.00000000000000e+00
720 5.08928210885945e-01 -3.12196698876770e-07 0.00000000000000e+00
721 5.08927980937184e-01 -3.44821017722631e-07 0.00000000000000e+00
722 5.08927727993547e-01 -3.80707757807885e-07 0.00000000000000e+00
723 5.08927449755543e-01 -4.20183159020988e-07 0.00000000000000e+00
724 5.08927143693738e-01 -4.63606084769819e-07 0.00000000000000e+00
725 5.08926807025750e-01 -5.11371284234937e-07 0.00000000000000e+00
726 5.08926436690961e-01 -5.63912980827714e-07 0.00000000000000e+00
727 5.08926029322690e-01 -6.21708819468985e-07 0.00000000000000e+00
728 5.08925581217588e-01 -6.85284208565364e-07 0.00000000000000e+00
729 5.08925088301970e-01 -7.55217096146489e-07 0.00000000000000e+00
730 5.08924546094786e-01 -8.32143223571658e-07 0.00000000000000e+00
731 5.08923949666876e-01 -9.16761904553406e-07 0.00000000000000e+00
732 5.08923293596167e-01 -1.00984238201840e-06 0.00000000000000e+00
733 5.08922571918377e-01 -1.11223082057600e-06 0.00000000000000e+00
734 5.08921778072796e-01 -1.22485799813825e-06 0.00000000000000e+00
735 5.08920904842643e-01 -1.34874776658713e-06 0.00000000000000e+00
736 5.08919944289456e-01 -1.48502635836894e-06 0.00000000000000e+00
737 5.08918887680929e-01 -1.63493262357986e-06 0.00000000000000e+00
738 5.08917725411523e-01 -1.79982929055599e-06 0.00000000000000e+00
739 5.08916446915146e-01 -1.98121535227575e-06 0.00000000000000e+00
740 5.08915040569093e-01 -2.18073969110407e-06 0.00000000000000e+00
741 5.08913493588389e-01 -2.40021606564964e-06 0.00000000000000e+00
742 5.08911791909559e-01 -2.64163959587098e-06 0.00000000000000e+00
743 5.08909920062778e-01 -2.90720489616417e-06 0.00000000000000e+00
744 5.08907861031239e-01 -3.19932602109827e-06 0.00000000000000e+00
745 5.08905596096447e-01 -3.52065840503532e-06 0.00000000000000e+00
746 5.08903104668057e-01 -3.87412299464747e-06 0.00000000000000e+00
747 5.08900364096684e-01 -4.26293279363784e-06 0.00000000000000e+00
748 5.08897349468000e-01 -4.69062206054044e-06 0.00000000000000e+00
749 5.08894033376236e-01 -5.16107842464078e-06 0.00000000000000e+00
750 5.08890385675041e-01 -5.67857821148050e-06 0.00000000000000e+00
751 5.08886373203417e-01 -6.24782529848307e-06 0.00000000000000e+00
752 5.08881959484258e-01 -6.87399385320244e-06 0.00000000000000e+00
753 5.08877104392731e-01 -7.56277534183986e-06 0.00000000000000e+00
754 5.08871763791505e-01 -8.32043023430887e-06 0.00000000000000e+00
755 5.08865889129494e-01 -9.15384487459978e-06 0.00000000000000e+00
756 5.08859427000482e-01 -1.00705940318806e-05 0.00000000000000e+00
757 5.08852318657600e-01 -1.10790096990855e-05 0.00000000000000e+00
758 5.08844499479258e-01 -1.21882567621386e-05 0.00000000000000e+00
759 5.08835898381664e-01 -1.34084162249422e-05 0.00000000000000e+00
760 5.08826437172595e-01 -1.47505767433620e-05 0.00000000000000e+00
761 5.08816029840543e-01 -1.62269352962755e-05 0.00000000000000e+00
762 5.08804581772775e-01 -1.78509079039621e-05 0.00000000000000e+00
763 5.08791988895190e-01 -1.96372513944200e-05 0.00000000000000e+00
764 5.08778136726170e-01 -2.16021973173849e-05 0.00000000000000e+00
765 5.08762899335798e-01 -2.37635992147500e-05 0.00000000000000e+00
766 5.08746138201007e-01 -2.61410945756818e-05 0.00000000000000e+00
767 5.08727700946224e-01 -2.87562829360178e-05 0.00000000000000e+00
768 5.08707419958083e-01 -3.16329217256239e-05 0.00000000000000e+00
769 5.08685110861594e-01 -3.47971416255079e-05 0.00000000000000e+00
770 5.08660570843920e-01 -3.82776833699343e-05 0.00000000000000e+00
771 5.08633576810524e-01 -4.21061581190160e-05 0.00000000000000e+00
772 5.08603883356903e-01 -4.63173337358186e-05 0.00000000000000e+00
773 5.08571220537492e-01 -5.09494495305929e-05 0.00000000000000e+00
774 5.08535291411425e-01 -5.60445622851822e-05 0.00000000000000e+00
775 5.08495769342851e-01 -6.16489266449047e-05 0.00000000000000e+00
776 5.08452295031246e-01 -6.78134132654147e-05 0.00000000000000e+00
777 5.08404473244718e-01 -7.45939684304873e-05 0.00000000000000e+00
778 5.08351869226596e-01 -8.20521192158218e-05 0.00000000000000e+00
779 5.08294004742616e-01 -9.02555286663730e-05 0.00000000000000e+00
780 5.08230353732760e-01 -9.92786058832471e-05 0.00000000000000e+00
781 5.08160337528197e-01 -1.09203176383861e-04 0.00000000000000e+00
782 5.08083319589805e-01 -1.20119218608790e-04 0.00000000000000e+00
783 5.07998599720438e-01 -1.32125673003955e-04 0.00000000000000e+00
784 5.07905407698257e-01 -1.45331330710815e-04 0.00000000000000e+00
785 5.07802896273223e-01 -1.59855809553432e-04 0.00000000000000e+00
786 5.07690133463019e-01 -1.75830625723389e-04 0.00000000000000e+00
787 5.07566094078306e-01 -1.93400370337009e-04 0.00000000000000e+00
788 5.07429650400179e-01 -2.12724000871583e-04 0.00000000000000e+00
789 5.07279561925002e-01 -2.33976258389421e-04 0.00000000000000e+00
790 5.07114464083247e-01 -2.57349222428169e-04 0.00000000000000e+00
791 5.06932855829681e-01 -2.83054016482691e-04 0.00000000000000e+00
792 5.06733085991885e-01 -3.11322678116508e-04 0.00000000000000e+00
793 5.06513338252825e-01 -3.42410208931548e-04 0.00000000000000e+00
794 5.06271614630704e-01 -3.76596820905994e-04 0.00000000000000e+00
795 5.06005717305623e-01 -4.14190396937695e-04 0.00000000000000e+00
796 5.05713228627497e-01 -4.55529184858387e-04 0.00000000000000e+00
797 5.05391489123061e-01 -5.00984745660667e-04 0.00000000000000e+00
798 5.05037573301521e-01 -5.50965178222351e-04 0.00000000000000e+00
799 5.04648263038320e-01 -6.05918644393482e-04 0.00000000000000e+00
800 5.04220018294309e-01 -6.66337219938648e-04 0.00000000000000e+00
801 5.03748944903291e-01 -7.32761098434965e-04 0.00000000000000e+00
802 5.03230759134044e-01 -8.05783176835352e-04 0.00000000000000e+00
803 5.02660748703447e-01 -8.86054052942914e-04 0.00000000000000e+00
804 5.02033729884778e-01 -9.74287466468863e-04 0.00000000000000e+00
805 5.01344000319531e-01 -1.07126621660918e-03 0.00000000000000e+00
806 5.00585287101644e-01 -1.17784859008464e-03 0.00000000000000e+00
807 4.99750689659698e-01 -1.29497533425792e-03 0.00000000000000e+00
808 4.98832616914881e-01 -1.42367721017026e-03 0.00000000000000e+00
809 4.97822718139912e-01 -1.56508315993926e-03 0.00000000000000e+00
810 4.96711806886238e-01 -1.72042912183736e-03 0.00000000000000e+00
811 4.95489777283069e-01 -1.89106752423700e-03 0.00000000000000e+00
812 4.94145511941583e-01 -2.07847748628348e-03 0.00000000000000e+00
813 4.92666780620384e-01 -2.28427574832672e-03 0.00000000000000e+00
814 4.91040128723138e-01 -2.51022834843715e-03 0.00000000000000e+00
815 4.89250754605657e-01 -2.75826305240214e-03 0.00000000000000e+00
816 4.87282374566481e-01 -3.03048253289777e-03 0.00000000000000e+00
817 4.85117074281519e-01 -3.32917827855451e-03 0.00000000000000e+00
818 4.82735145318241e-01 -3.65684519468265e-03 0.00000000000000e+00
819 4.80114905227447e-01 -4.01619683375160e-03 0.00000000000000e+00
820 4.77232499559237e-01 -4.41018116440449e-03 0.00000000000000e+00
821 4.74061683983390e-01 -4.84199675175205e-03 0.00000000000000e+00
822 4.70573584511260e-01 -5.31510917764845e-03 0.00000000000000e+00
823 4.66736433615055e-01 -5.83326747601007e-03 0.00000000000000e+00
824 4.62515279819100e-01 -6.40052029299254e-03 0.00000000000000e+00
825 4.57871668094593e-01 -7.02123140243068e-03 0.00000000000000e+00
826 4.52763288122136e-01 -7.70009410988427e-03 0.00000000000000e+00
827 4.47143587192731e-01 -8.44214395912270e-03 0.00000000000000e+00
828 4.40961344195047e-01 -9.25276900602257e-03 0.00000000000000e+00
829 4.34160200781575e-01 -1.01377167365004e-02 0.00000000000000e+00
830 4.26678145414786e-01 -1.11030964619948e-02 0.00000000000000e+00
831 4.18446945562104e-01 -1.21553757048431e-02 0.00000000000000e+00
832 4.09391522829391e-01 -1.33013686507831e-02 0.00000000000000e+00
833 3.99429265289032e-01 -1.45482141409795e-02 0.00000000000000e+00
834 3.88469270660539e-01 -1.59033398147354e-02 0.00000000000000e+00
835 3.76411513325041e-01 -1.73744077609992e-02 0.00000000000000e+00
836 3.63145927381404e-01 -1.89692351807026e-02 0.00000000000000e+00
837 3.48551397055464e-01 -2.06956807726712e-02 0.00000000000000e+00
838 3.32494644720440e-01 -2.25614833172456e-02 0.00000000000000e+00
839 3.14829005529978e-01 -2.45740324352980e-02 0.00000000000000e+00
840 2.95393076147308e-01 -2.67400414763270e-02 0.00000000000000e+00
841 2.74009223206140e-01 -2.90650769343368e-02 0.00000000000000e+00
842 2.50481934896041e-01 -3.15528745215237e-02 0.00000000000000e+00
843 2.24595996403346e-01 -3.42043339393731e-02 0.00000000000000e+00
844 1.96114466977361e-01 -3.70160241582309e-02 0.00000000000000e+00
845 1.64776433639890e-01 -3.99779348352794e-02 0.00000000000000e+00
846 1.30294515508684e-01 -4.30700537813531e-02 0.00000000000000e+00
847 9.23520972761009e-02 -4.62570933395608e-02 0.00000000000000e+00
848 5.06523964289312e-02 -4.94764277942837e-02 0.00000000000000e+00
201 102 202 203 
202 102 203 204 
203 102 204 205 
204 102 205 206 
205 102 206 207 
206 102 207 208 
207 102 208 209 
208 102 209 210 
209 102 210 211 
210 102 211 212 
211 102 212 213 
212 102 213 214 
213 102 214 215 
214 102 215 216 
215 102 216 217 
216 102 217 218 
217 102 218 219 
218 102 219 220 
219 102 220 221 
220 102 221 222 
221 102 222 223 
222 102 223 224 
223 102 224 225 
224 102 225 226 
225 102 226 227 
226 102 227 228 
227 102 228 229 
228 102 229 230 
229 102 230 231 
230 102 231 232 
231 102 232 233 
232 102 233 234 
233 102 234 235 
234 102 235 236 
235 102 236 237 
236 102 237 238 
237 102 238 239 
238 102 239 240 
239 102 240 241 
240 102 241 242 
241 102 242 243 
242 102 243 244 
243 102 244 245 
244 102 245 246 
245 102 246 247 
246 102 247 248 
247 102 248 249 
248 102 249 250 
249 102 250 251 
250 102 251 252 
251 102 252 253 
252 102 253 254 
253 102 254 255 
254 102 255 256 
255 102 256 257 
256 102 257 258 
257 102 258 259 
258 102 259 260 
259 102 260 261 
260 102 261 262 
261 102 262 263 
262 102 263 264 
263 102 264 265 
264 102 265 266 
265 102 266 267 
266 102 267 268 
267 102 268 269 
268 102 269 270 
269 102 270 271 
270 102 271 272 
271 102 272 273 
272 102 273 274 
273 102 274 275 
274 102 275 276 
275 102 276 277 
276 102 277 278 
277 102 278 279 
278 102 279 280 
279 102 280 281 
280 102 281 282 
281 102 282 283 
282 102 283 284 
283 102 284 285 
284 102 285 286 
285 102 286 287 
286 102 287 288 
287 102 288 289 
288 102 289 290 
289 102 290 291 
290 102 291 292 
291 102 292 293 
292 102 293 294 
293 102 294 295 
294 102 295 296 
295 102 296 297 
296 102 297 298 
297 102 298 299 
298 102 299 300 
299 102 300 301 
300 102 301 302 
301 102 302 303 
302 102 303 304 
303 102 304 305 
304 102 305 306 
305 102 306 307 
306 102 307 308 
307 102 308 309 
308 102 309 310 
309 102 310 311 
310 102 311 312 
311 102 312 313 
312 102 313 314 
313 102 314 315 
314 102 315 316 
315 102 316 317 
316 102 317 318 
317 102 318 319 
318 102 319 320 
319 102 320 321 
320 102 321 322 
321 102 322 323 
322 102 323 324 
323 102 324 325 
324 102 325 326 
325 102 326 327 
326 102 327 328 
327 102 328 329 
328 102 329 330 
329 102 330 331 
330 102 331 332 
331 102 332 333 
332 102 333 334 
333 102 334 335 
334 102 335 336 
335 102 336 337 
336 102 337 338 
337 102 338 339 
338 102 339 340 
339 102 340 341 
340 102 341 342 
341 102 342 343 
342 102 343 344 
343 102 344 345 
344 102 345 346 
345 102 346 347 
346 102 347 348 
347 102 348 349 
348 102 349 350 
349 102 350 351 
350 102 351 352 
351 102 352 353 
352 102 353 354 
353 102 354 355 
354 102 355 356 
355 102 356 357 
356 102 357 358 
357 102 358 359 
358 102 359 360 
359 102 360 361 
360 102 361 362 
361 102 362 363 
362 102 363 201 
363 102 364 365 
364 102 365 366 
365 102 366 367 
366 102 367 368 
367 102 368 369 
368 102 369 370 
369 102 370 371 
370 102 371 372 
371 102 372 373 
372 102 373 374 
373 102 374 375 
374 102 375 376 
375 102 376 377 
376 102 377 378 
377 102 378 379 
378 102 379 380 
379 102 380 381 
380 102 381 382 
381 102 382 383 
382 102 383 384 
383 102 384 385 
384 102 385 386 
385 102 386 387 
386 102 387 388 
387 102 388 389 
388 102 389 390 
389 102 390 391 
390 102 391 392 
391 102 392 393 
392 102 393 394 
393 102 394 395 
394 102 395 396 
395 102 396 397 
396 102 397 398 
397 102 398 399 
398 102 399 400 
399 102 400 401 
400 102 401 402 
401 102 402 403 
402 102 403 404 
403 102 404 405 
404 102 405 406 
405 102 406 407 
406 102 407 408 
407 102 408 409 
408 102 409 410 
409 102 410 411 
410 102 411 412 
411 102 412 413 
412 102 413 414 
413 102 414 415 
414 102 415 416 
415 102 416 417 
416 102 417 418 
417 102 418 419 
418 102 419 420 
419 102 420 421 
420 102 421 422 
421 102 422 423 
422 102 423 424 
423 102 424 425 
424 102 425 426 
425 102 426 427 
426 102 427 428 
427 102 428 429 
428 102 429 430 
429 102 430 431 
430 102 431 432 
431 102 432 433 
432 102 433 434 
433 102 434 435 
434 102 435 436 
435 102 436 437 
436 102 437 438 
437 102 438 439 
438 102 439 440 
439 102 440 441 
440 102 441 442 
441 102 442 443 
442 102 443 444 
443 102 444 445 
444 102 445 446 
445 102 446 447 
446 102 447 448 
447 102 448 449 
448 102 449 450 
449 102 450 451 
450 102 451 452 
451 102 452 453 
452 102 453 454 
453 102 454 455 
454 102 455 456 
455 102 456 457 
456 102 457 458 
457 102 458 459 
458 102 459 460 
459 102 460 461 
460 102 461 462 
461 102 462 463 
462 102 463 464 
463 102 464 465 
464 102 465 466 
465 102 466 467 
466 102 467 468 
467 102 468 469 
468 102 469 470 
469 102 470 471 
470 102 471 472 
471 102 472 473 
472 102 473 474 
473 102 474 475 
474 102 475 476 
475 102 476 477 
476 102 477 478 
477 102 478 479 
478 102 479 480 
479 102 480 481 
480 102 481 482 
481 102 482 483 
482 102 483 484 
483 102 484 485 
484 102 485 486 
485 102 486 487 
486 102 487 488 
487 102 488 489 
488 102 489 490 
489 102 490 491 
490 102 491 492 
491 102 492 493 
492 102 493 494 
493 102 494 495 
494 102 495 496 
495 102 496 497 
496 102 497 498 
497 102 498 499 
498 102 499 500 
499 102 500 501 
500 102 501 502 
501 102 502 503 
502 102 503 504 
503 102 504 505 
504 102 505 506 
505 102 506 507 
506 102 507 508 
507 102 508 509 
508 102 509 510 
509 102 510 511 
510 102 511 512 
511 102 512 513 
512 102 513 514 
513 102 514 515 
514 102 515 516 
515 102 516 517 
516 102 517 518 
517 102 518 519 
518 102 519 520 
519 102 520 521 
520 102 521 522 
521 102 522 523 
522 102 523 524 
523 102 524 525 
524 102 525 201 
525 102 364 527 
526 102 527 528 
527 102 528 529 
528 102 529 530 
529 102 530 531 
530 102 531 532 
531 102 532 533 
532 102 533 534 
533 102 534 535 
534 102 535 536 
535 102 536 537 
536 102 537 538 
537 102 538 539 
538 102 539 540 
539 102 540 541 
540 102 541 542 
541 102 542 543 
542 102 543 544 
543 102 544 545 
544 102 545 546 
545 102 546 547 
546 102 547 548 
547 102 548 549 
548 102 549 550 
549 102 550 551 
550 102 551 552 
551 102 552 553 
552 102 553 554 
553 102 554 555 
554 102 555 556 
555 102 556 557 
556 102 557 558 
557 102 558 559 
558 102 559 560 
559 102 560 561 
560 102 561 562 
561 102 562 563 
562 102 563 564 
563 102 564 565 
564 102 565 566 
565 102 566 567 
566 102 567 568 
567 102 568 569 
568 102 569 570 
569 102 570 571 
570 102 571 572 
571 102 572 573 
572 102 573 574 
573 102 574 575 
574 102 575 576 
575 102 576 577 
576 102 577 578 
577 102 578 579 
578 102 579 580 
579 102 580 581 
580 102 581 582 
581 102 582 583 
582 102 583 584 
583 102 584 585 
584 102 585 586 
585 102 586 587 
586 102 587 588 
587 102 588 589 
588 102 589 590 
589 102 590 591 
590 102 591 592 
591 102 592 593 
592 102 593 594 
593 102 594 595 
594 102 595 596 
595 102 596 597 
596 102 597 598 
597 102 598 599 
598 102 599 600 
599 102 600 601 
600 102 601 602 
601 102 602 603 
602 102 603 604 
603 102 604 605 
604 102 605 606 
605 102 606 607 
606 102 607 608 
607 102 608 609 
608 102 609 610 
609 102 610 611 
610 102 611 612 
611 102 612 613 
612 102 613 614 
613 102 614 615 
614 102 615 616 
615 102 616 617 
616 102 617 618 
617 102 618 619 
618 102 619 620 
619 102 620 621 
620 102 621 622 
621 102 622 623 
622 102 623 624 
623 102 624 625 
624 102 625 626 
625 102 626 627 
626 102 627 628 
627 102 628 629 
628 102 629 630 
629 102 630 631 
630 102 631 632 
631 102 632 633 
632 102 633 634 
633 102 634 635 
634 102 635 636 
635 102 636 637 
636 102 637 638 
637 102 638 639 
638 102 639 640 
639 102 640 641 
640 102 641 642 
641 102 642 643 
642 102 643 644 
643 102 644 645 
644 102 645 646 
645 102 646 647 
646 102 647 648 
647 102 648 649 
648 102 649 650 
649 102 650 651 
650 102 651 652 
651 102 652 653 
652 102 653 654 
653 102 654 655 
654 102 655 656 
655 102 656 657 
656 102 657 658 
657 102 658 659 
658 102 659 660 
659 102 660 661 
660 102 661 662 
661 102 662 663 
662 102 663 664 
663 102 664 665 
664 102 665 666 
665 102 666 667 
666 102 667 668 
667 102 668 669 
668 102 669 670 
669 102 670 671 
670 102 671 672 
671 102 672 673 
672 102 673 674 
673 102 674 675 
674 102 675 676 
675 102 676 677 
676 102 677 678 
677 102 678 679 
678 102 679 680 
679 102 680 681 
680 102 681 682 
681 102 682 683 
682 102 683 684 
683 102 684 685 
684 102 685 686 
685 102 686 687 
686 102 687 526 
687 102 202 688 
688 102 688 689 
689 102 689 690 
690 102 690 691 
691 102 691 692 
692 102 692 693 
693 102 693 694 
694 102 694 695 
695 102 695 696 
696 102 696 697 
697 102 697 698 
698 102 698 699 
699 102 699 700 
700 102 700 701 
701 102 701 702 
702 102 702 703 
703 102 703 704 
704 102 704 705 
705 102 705 706 
706 102 706 707 
707 102 707 708 
708 102 708 709 
709 102 709 710 
710 102 710 711 
711 102 711 712 
712 102 712 713 
713 102 713 714 
714 102 714 715 
715 102 715 716 
716 102 716 717 
717 102 717 718 
718 102 718 719 
719 102 719 720 
720 102 720 721 
721 102 721 722 
722 102 722 723 
723 102 723 724 
724 102 724 725 
725 102 725 726 
726 102 726 727 
727 102 727 728 
728 102 728 729 
729 102 729 730 
730 102 730 731 
731 102 731 732 
732 102 732 733 
733 102 733 734 
734 102 734 735 
735 102 735 736 
736 102 736 737 
737 102 737 738 
738 102 738 739 
739 102 739 740 
740 102 740 741 
741 102 741 742 
742 102 742 743 
743 102 743 744 
744 102 744 745 
745 102 745 746 
746 102 746 747 
747 102 747 748 
748 102 748 749 
749 102 749 750 
750 102 750 751 
751 102 751 752 
752 102 752 753 
753 102 753 754 
754 102 754 755 
755 102 755 756 
756 102 756 757 
757 102 757 758 
758 102 758 759 
759 102 759 760 
760 102 760 761 
761 102 761 762 
762 102 762 763 
763 102 763 764 
764 102 764 765 
765 102 765 766 
766 102 766 767 
767 102 767 768 
768 102 768 769 
769 102 769 770 
770 102 770 771 
771 102 771 772 
772 102 772 773 
773 102 773 774 
774 102 774 775 
775 102 775 776 
776 102 776 777 
777 102 777 778 
778 102 778 779 
779 102 779 780 
780 102 780 781 
781 102 781 782 
782 102 782 783 
783 102 783 784 
784 102 784 785 
785 102 785 786 
786 102 786 787 
787 102 787 788 
788 102 788 789 
789 102 789 790 
790 102 790 791 
791 102 791 792 
792 102 792 793 
793 102 793 794 
794 102 794 795 
795 102 795 796 
796 102 796 797 
797 102 797 798 
798 102 798 799 
799 102 799 800 
800 102 800 801 
801 102 801 802 
802 102 802 803 
803 102 803 804 
804 102 804 805 
805 102 805 806 
806 102 806 807 
807 102 807 808 
808 102 808 809 
809 102 809 810 
810 102 810 811 
811 102 811 812 
812 102 812 813 
813 102 813 814 
814 102 814 815 
815 102 815 816 
816 102 816 817 
817 102 817 818 
818 102 818 819 
819 102 819 820 
820 102 820 821 
821 102 821 822 
822 102 822 823 
823 102 823 824 
824 102 824 825 
825 102 825 826 
826 102 826 827 
827 102 827 828 
828 102 828 829 
829 102 829 830 
830 102 830 831 
831 102 831 832 
832 102 832 833 
833 102 833 834 
834 102 834 835 
835 102 835 836 
836 102 836 837 
837 102 837 838 
838 102 838 839 
839 102 839 840 
840 102 840 841 
841 102 841 842 
842 102 842 843 
843 102 843 844 
844 102 844 845 
845 102 845 846 
846 102 846 847 
847 102 847 848 
848 102 848 526 
