FULL POTENTIAL APPLICATION ALL CASES LOADS FILE

Case    AOA           FF_MS            A_MS         # Nodes              Cl         Cl_jump          Cl_ref              Cd

   0   0.00            2.00        1.00e-01        4.75e+03       -0.001998       -0.002026        0.000000        0.002136
   1   0.00            2.00        1.00e-02        7.87e+03        0.001379        0.001404        0.000000       -0.000218
   2   0.00            2.00        1.00e-03        1.18e+04        0.000095        0.000101        0.000000       -0.000015
   3   0.00            2.00        1.00e-04        1.53e+04       -0.000127       -0.000137        0.000000       -0.000009
   4   0.00            2.00        1.00e-05        1.87e+04        0.000130        0.000130        0.000000       -0.000013
   5   0.00            2.00        1.00e-06        2.20e+04        0.000106        0.000095        0.000000       -0.000010
   6   0.00            2.00        1.00e-07        2.52e+04       -0.000030       -0.000033        0.000000       -0.000009
   7   0.00            2.00        1.00e-08        2.67e+04        0.000005        0.000010        0.000000       -0.000013
