166 166
201 1.84758815012352e-03 5.29080022294506e-02 0.00000000000000e+00
202 5.08620384709236e-01 -1.77614152132353e-02 0.00000000000000e+00
203 5.07635790243567e-01 -1.75865617439507e-02 0.00000000000000e+00
204 5.06549696822144e-01 -1.73938852575866e-02 0.00000000000000e+00
205 5.05356627866116e-01 -1.71824747551929e-02 0.00000000000000e+00
206 5.04043922389036e-01 -1.69501589251586e-02 0.00000000000000e+00
207 5.02599547723669e-01 -1.66948960290911e-02 0.00000000000000e+00
208 5.01010253509381e-01 -1.64144501728937e-02 0.00000000000000e+00
209 4.99261446914410e-01 -1.61063739218816e-02 0.00000000000000e+00
210 4.97337054755241e-01 -1.57679895808792e-02 0.00000000000000e+00
211 4.95219371073557e-01 -1.53963690834906e-02 0.00000000000000e+00
212 4.92888888560734e-01 -1.49883124434500e-02 0.00000000000000e+00
213 4.90324112026871e-01 -1.45403247329600e-02 0.00000000000000e+00
214 4.87501351892576e-01 -1.40485915690303e-02 0.00000000000000e+00
215 4.84394495433230e-01 -1.35089531098539e-02 0.00000000000000e+00
216 4.80974753222663e-01 -1.29168765903656e-02 0.00000000000000e+00
217 4.77210377900710e-01 -1.22674274606435e-02 0.00000000000000e+00
218 4.73066352020695e-01 -1.15552392345273e-02 0.00000000000000e+00
219 4.68504041311008e-01 -1.07744822110985e-02 0.00000000000000e+00
220 4.63480809200731e-01 -9.91883130167935e-03 0.00000000000000e+00
221 4.57949587902228e-01 -8.98143328439003e-03 0.00000000000000e+00
222 4.51858400701046e-01 -7.95487392370233e-03 0.00000000000000e+00
223 4.45149829360105e-01 -6.83114554390442e-03 0.00000000000000e+00
224 4.37760419682484e-01 -5.60161584830488e-03 0.00000000000000e+00
225 4.29620017272375e-01 -4.25699905418614e-03 0.00000000000000e+00
226 4.20651024358809e-01 -2.78733080439564e-03 0.00000000000000e+00
227 4.10767567166361e-01 -1.18194887907658e-03 0.00000000000000e+00
228 3.99874561686655e-01 5.70517440831090e-04 0.00000000000000e+00
229 3.87866663766786e-01 2.48214526378813e-03 0.00000000000000e+00
230 3.74627087111715e-01 4.56569724112847e-03 0.00000000000000e+00
231 3.60026269999482e-01 6.83457306316198e-03 0.00000000000000e+00
232 3.43920368101136e-01 9.30271980103227e-03 0.00000000000000e+00
233 3.26149546607713e-01 1.19844803900216e-02 0.00000000000000e+00
234 3.06536039660247e-01 1.48943481177357e-02 0.00000000000000e+00
235 2.84881938541320e-01 1.80465767289645e-02 0.00000000000000e+00
236 2.60966661801712e-01 2.14545664283085e-02 0.00000000000000e+00
237 2.34544049933157e-01 2.51298985782723e-02 0.00000000000000e+00
238 2.05339013742477e-01 2.90808143282522e-02 0.00000000000000e+00
239 1.73043648689869e-01 3.33098042475871e-02 0.00000000000000e+00
240 1.37312707174250e-01 3.78097609894066e-02 0.00000000000000e+00
241 9.77582992426161e-02 4.25577785453222e-02 0.00000000000000e+00
242 5.13682608409805e-02 4.77848833971874e-02 0.00000000000000e+00
243 -4.99695413509548e-01 1.74497483512505e-02 0.00000000000000e+00
244 -4.99631321160495e-01 1.84475037782503e-02 0.00000000000000e+00
245 -4.99485388211196e-01 1.95342915001006e-02 0.00000000000000e+00
246 -4.99237086376135e-01 2.07164578021504e-02 0.00000000000000e+00
247 -4.98863978400730e-01 2.19914064968141e-02 0.00000000000000e+00
248 -4.98340348386462e-01 2.33551917014346e-02 0.00000000000000e+00
249 -4.97639096457206e-01 2.48005431101148e-02 0.00000000000000e+00
250 -4.96735254418796e-01 2.63184290427631e-02 0.00000000000000e+00
251 -4.95605175936556e-01 2.78985728959188e-02 0.00000000000000e+00
252 -4.94226954568850e-01 2.95307137766569e-02 0.00000000000000e+00
253 -4.92579909228386e-01 3.12054834980868e-02 0.00000000000000e+00
254 -4.90643757391764e-01 3.29149191268768e-02 0.00000000000000e+00
255 -4.88397674941247e-01 3.46525901506107e-02 0.00000000000000e+00
256 -4.85819420163792e-01 3.64134441006645e-02 0.00000000000000e+00
257 -4.82884603109215e-01 3.81935000724552e-02 0.00000000000000e+00
258 -4.79566104848122e-01 3.99894876904447e-02 0.00000000000000e+00
259 -4.75833615912464e-01 4.17984910826478e-02 0.00000000000000e+00
260 -4.71653253737607e-01 4.36176234637232e-02 0.00000000000000e+00
261 -4.66987222610315e-01 4.54437367680698e-02 0.00000000000000e+00
262 -4.61793489204800e-01 4.72731608542270e-02 0.00000000000000e+00
263 -4.56025454753614e-01 4.91014624358673e-02 0.00000000000000e+00
264 -4.49631611780090e-01 5.09232135995775e-02 0.00000000000000e+00
265 -4.42555178036661e-01 5.27317607767278e-02 0.00000000000000e+00
266 -4.34733703533100e-01 5.45189867018018e-02 0.00000000000000e+00
267 -4.26098648664706e-01 5.62750595843611e-02 0.00000000000000e+00
268 -4.16574932990003e-01 5.79881655140951e-02 0.00000000000000e+00
269 -4.06080455321329e-01 5.96442218917735e-02 0.00000000000000e+00
270 -3.94525586727106e-01 6.12265715970731e-02 0.00000000000000e+00
271 -3.81812638920206e-01 6.27156597877166e-02 0.00000000000000e+00
272 -3.67835311389163e-01 6.40886977559754e-02 0.00000000000000e+00
273 -3.52478121578532e-01 6.53193212491389e-02 0.00000000000000e+00
274 -3.35615823488091e-01 6.63772541079319e-02 0.00000000000000e+00
275 -3.17112821295245e-01 6.72279919366721e-02 0.00000000000000e+00
276 -2.96822586104604e-01 6.78325245871828e-02 0.00000000000000e+00
277 -2.74587085853739e-01 6.81471201164210e-02 0.00000000000000e+00
278 -2.50236241020039e-01 6.81231958484837e-02 0.00000000000000e+00
279 -2.23587422509504e-01 6.77073030866608e-02 0.00000000000000e+00
280 -1.94445013621003e-01 6.68412491127298e-02 0.00000000000000e+00
281 -1.62600066231636e-01 6.54623707590478e-02 0.00000000000000e+00
282 -1.27830093690013e-01 6.35039542806491e-02 0.00000000000000e+00
283 -8.98990611431078e-02 6.08957612107099e-02 0.00000000000000e+00
284 -4.77257489520652e-02 5.74927671476010e-02 0.00000000000000e+00
285 -1.84758815012352e-03 -5.29080022294506e-02 0.00000000000000e+00
286 -4.99701077186483e-01 1.64499525500600e-02 0.00000000000000e+00
287 -4.99631310201699e-01 1.53556324205322e-02 0.00000000000000e+00
288 -4.99466076970038e-01 1.41590251557406e-02 0.00000000000000e+00
289 -4.99182813792053e-01 1.28611554753283e-02 0.00000000000000e+00
290 -4.98755592161001e-01 1.14641657995808e-02 0.00000000000000e+00
291 -4.98156871063791e-01 9.97341833249780e-03 0.00000000000000e+00
292 -4.97361113109367e-01 8.39618106027161e-03 0.00000000000000e+00
293 -4.96344012704716e-01 6.74105606814926e-03 0.00000000000000e+00
294 -4.95083001007487e-01 5.01675113791557e-03 0.00000000000000e+00
295 -4.93556793816793e-01 3.23116899630596e-03 0.00000000000000e+00
296 -4.91744602550291e-01 1.39083834203576e-03 0.00000000000000e+00
297 -4.89625205246878e-01 -4.99278593906008e-04 0.00000000000000e+00
298 -4.87176061930813e-01 -2.43569315392683e-03 0.00000000000000e+00
299 -4.84372564370737e-01 -4.41613548764695e-03 0.00000000000000e+00
300 -4.81187431567740e-01 -6.43923490688489e-03 0.00000000000000e+00
301 -4.77590224485166e-01 -8.50419692418528e-03 0.00000000000000e+00
302 -4.73546941722641e-01 -1.06105053145010e-02 0.00000000000000e+00
303 -4.69019660037429e-01 -1.27576561764386e-02 0.00000000000000e+00
304 -4.63966192478687e-01 -1.49449204054042e-02 0.00000000000000e+00
305 -4.58339744540799e-01 -1.71711260800311e-02 0.00000000000000e+00
306 -4.52088555584625e-01 -1.94344514889741e-02 0.00000000000000e+00
307 -4.45155517551812e-01 -2.17322202007237e-02 0.00000000000000e+00
308 -4.37477766345354e-01 -2.40606910141179e-02 0.00000000000000e+00
309 -4.28986243488548e-01 -2.64148371696014e-02 0.00000000000000e+00
310 -4.19605227335376e-01 -2.87881108817998e-02 0.00000000000000e+00
311 -4.09251834340081e-01 -3.11721909453285e-02 0.00000000000000e+00
312 -3.97835491960679e-01 -3.35567130139844e-02 0.00000000000000e+00
313 -3.85257385796960e-01 -3.59289842705392e-02 0.00000000000000e+00
314 -3.71409884620267e-01 -3.82736866682482e-02 0.00000000000000e+00
315 -3.56175948107555e-01 -4.05725758322421e-02 0.00000000000000e+00
316 -3.39428523393454e-01 -4.28041860737741e-02 0.00000000000000e+00
317 -3.21029938055005e-01 -4.49435557345741e-02 0.00000000000000e+00
318 -3.00831298923468e-01 -4.69619910322700e-02 0.00000000000000e+00
319 -2.78671908308437e-01 -4.88268903120474e-02 0.00000000000000e+00
320 -2.54378712036315e-01 -5.05016533907137e-02 0.00000000000000e+00
321 -2.27765797495786e-01 -5.19457013314980e-02 0.00000000000000e+00
322 -1.98633965179352e-01 -5.31146287019910e-02 0.00000000000000e+00
323 -1.66770404789628e-01 -5.39605004631259e-02 0.00000000000000e+00
324 -1.31948517925929e-01 -5.44322852655225e-02 0.00000000000000e+00
325 -9.39279451164976e-02 -5.44763806987601e-02 0.00000000000000e+00
326 -5.16199841283144e-02 -5.40235377027123e-02 0.00000000000000e+00
327 5.07625991504760e-01 -1.78671609102637e-02 0.00000000000000e+00
328 5.06529103320064e-01 -1.79836059991558e-02 0.00000000000000e+00
329 5.05324193368889e-01 -1.81112772328850e-02 0.00000000000000e+00
330 5.03998480043277e-01 -1.82514574480878e-02 0.00000000000000e+00
331 5.02539817562493e-01 -1.84053440531486e-02 0.00000000000000e+00
332 5.00934831875029e-01 -1.85742431972048e-02 0.00000000000000e+00
333 4.99168794972114e-01 -1.87595784086276e-02 0.00000000000000e+00
334 4.97225486037126e-01 -1.89628996512580e-02 0.00000000000000e+00
335 4.95087037990988e-01 -1.91858927536528e-02 0.00000000000000e+00
336 4.92733767824140e-01 -1.94303891460103e-02 0.00000000000000e+00
337 4.90143988914043e-01 -1.96983758140093e-02 0.00000000000000e+00
338 4.87293803310025e-01 -1.99920053474722e-02 0.00000000000000e+00
339 4.84156871720855e-01 -2.03136059234510e-02 0.00000000000000e+00
340 4.80704158660251e-01 -2.06656910165725e-02 0.00000000000000e+00
341 4.76903649886220e-01 -2.10509685725469e-02 0.00000000000000e+00
342 4.72720038905675e-01 -2.14723493114445e-02 0.00000000000000e+00
343 4.68114378898770e-01 -2.19329537427721e-02 0.00000000000000e+00
344 4.63043695939250e-01 -2.24361173707695e-02 0.00000000000000e+00
345 4.57460558837651e-01 -2.29853934403202e-02 0.00000000000000e+00
346 4.51312600301258e-01 -2.35845524139302e-02 0.00000000000000e+00
347 4.44541983373711e-01 -2.42375771672684e-02 0.00000000000000e+00
348 4.37084806270746e-01 -2.49486526281638e-02 0.00000000000000e+00
349 4.28870437745679e-01 -2.57221482363649e-02 0.00000000000000e+00
350 4.19820773973390e-01 -2.65625911294778e-02 0.00000000000000e+00
351 4.09849406603800e-01 -2.74746273029668e-02 0.00000000000000e+00
352 3.98860690067130e-01 -2.84629670522581e-02 0.00000000000000e+00
353 3.86748694367038e-01 -2.95323096299470e-02 0.00000000000000e+00
354 3.73396027416478e-01 -3.06872399980667e-02 0.00000000000000e+00
355 3.58672508384187e-01 -3.19320874370987e-02 0.00000000000000e+00
356 3.42433670440270e-01 -3.32707309706669e-02 0.00000000000000e+00
357 3.24519067612732e-01 -3.47063290827287e-02 0.00000000000000e+00
358 3.04750356070671e-01 -3.62409394364964e-02 0.00000000000000e+00
359 2.82929114901384e-01 -3.78749756411036e-02 0.00000000000000e+00
360 2.58834365229954e-01 -3.96064182748551e-02 0.00000000000000e+00
361 2.32219739305294e-01 -4.14296492693630e-02 0.00000000000000e+00
362 2.02810243164156e-01 -4.33337004469169e-02 0.00000000000000e+00
363 1.70298548573385e-01 -4.52995779750074e-02 0.00000000000000e+00
364 1.34340744721157e-01 -4.72961085646836e-02 0.00000000000000e+00
365 9.45514843772709e-02 -4.92733841701201e-02 0.00000000000000e+00
366 4.79098253752697e-02 -5.12517505615269e-02 0.00000000000000e+00
201 102 202 203 
202 102 203 204 
203 102 204 205 
204 102 205 206 
205 102 206 207 
206 102 207 208 
207 102 208 209 
208 102 209 210 
209 102 210 211 
210 102 211 212 
211 102 212 213 
212 102 213 214 
213 102 214 215 
214 102 215 216 
215 102 216 217 
216 102 217 218 
217 102 218 219 
218 102 219 220 
219 102 220 221 
220 102 221 222 
221 102 222 223 
222 102 223 224 
223 102 224 225 
224 102 225 226 
225 102 226 227 
226 102 227 228 
227 102 228 229 
228 102 229 230 
229 102 230 231 
230 102 231 232 
231 102 232 233 
232 102 233 234 
233 102 234 235 
234 102 235 236 
235 102 236 237 
236 102 237 238 
237 102 238 239 
238 102 239 240 
239 102 240 241 
240 102 241 242 
241 102 242 201 
242 102 243 244 
243 102 244 245 
244 102 245 246 
245 102 246 247 
246 102 247 248 
247 102 248 249 
248 102 249 250 
249 102 250 251 
250 102 251 252 
251 102 252 253 
252 102 253 254 
253 102 254 255 
254 102 255 256 
255 102 256 257 
256 102 257 258 
257 102 258 259 
258 102 259 260 
259 102 260 261 
260 102 261 262 
261 102 262 263 
262 102 263 264 
263 102 264 265 
264 102 265 266 
265 102 266 267 
266 102 267 268 
267 102 268 269 
268 102 269 270 
269 102 270 271 
270 102 271 272 
271 102 272 273 
272 102 273 274 
273 102 274 275 
274 102 275 276 
275 102 276 277 
276 102 277 278 
277 102 278 279 
278 102 279 280 
279 102 280 281 
280 102 281 282 
281 102 282 283 
282 102 283 284 
283 102 284 201 
284 102 243 286 
285 102 286 287 
286 102 287 288 
287 102 288 289 
288 102 289 290 
289 102 290 291 
290 102 291 292 
291 102 292 293 
292 102 293 294 
293 102 294 295 
294 102 295 296 
295 102 296 297 
296 102 297 298 
297 102 298 299 
298 102 299 300 
299 102 300 301 
300 102 301 302 
301 102 302 303 
302 102 303 304 
303 102 304 305 
304 102 305 306 
305 102 306 307 
306 102 307 308 
307 102 308 309 
308 102 309 310 
309 102 310 311 
310 102 311 312 
311 102 312 313 
312 102 313 314 
313 102 314 315 
314 102 315 316 
315 102 316 317 
316 102 317 318 
317 102 318 319 
318 102 319 320 
319 102 320 321 
320 102 321 322 
321 102 322 323 
322 102 323 324 
323 102 324 325 
324 102 325 326 
325 102 326 285 
326 102 202 327 
327 102 327 328 
328 102 328 329 
329 102 329 330 
330 102 330 331 
331 102 331 332 
332 102 332 333 
333 102 333 334 
334 102 334 335 
335 102 335 336 
336 102 336 337 
337 102 337 338 
338 102 338 339 
339 102 339 340 
340 102 340 341 
341 102 341 342 
342 102 342 343 
343 102 343 344 
344 102 344 345 
345 102 345 346 
346 102 346 347 
347 102 347 348 
348 102 348 349 
349 102 349 350 
350 102 350 351 
351 102 351 352 
352 102 352 353 
353 102 353 354 
354 102 354 355 
355 102 355 356 
356 102 356 357 
357 102 357 358 
358 102 358 359 
359 102 359 360 
360 102 360 361 
361 102 361 362 
362 102 362 363 
363 102 363 364 
364 102 364 365 
365 102 365 366 
366 102 366 285 
