262 262
201 1.84758815012352e-03 5.29080022294506e-02 0.00000000000000e+00
202 5.08620384709236e-01 -1.77614152132353e-02 0.00000000000000e+00
203 5.08521926614692e-01 -1.77439222541031e-02 0.00000000000000e+00
204 5.08413594137703e-01 -1.77246769398958e-02 0.00000000000000e+00
205 5.08294443733493e-01 -1.77035122561986e-02 0.00000000000000e+00
206 5.08163375158748e-01 -1.76802334999708e-02 0.00000000000000e+00
207 5.08019195939303e-01 -1.76546297663572e-02 0.00000000000000e+00
208 5.07860594215650e-01 -1.76264691652791e-02 0.00000000000000e+00
209 5.07686126775470e-01 -1.75954967449363e-02 0.00000000000000e+00
210 5.07494205883333e-01 -1.75614322122599e-02 0.00000000000000e+00
211 5.07283084786038e-01 -1.75239674309690e-02 0.00000000000000e+00
212 5.07050841759601e-01 -1.74827636761421e-02 0.00000000000000e+00
213 5.06795362550202e-01 -1.74374486223498e-02 0.00000000000000e+00
214 5.06514321046234e-01 -1.73876130403929e-02 0.00000000000000e+00
215 5.06205158001845e-01 -1.73328071755271e-02 0.00000000000000e+00
216 5.05865057613839e-01 -1.72725367777773e-02 0.00000000000000e+00
217 5.05490921733282e-01 -1.72062587524917e-02 0.00000000000000e+00
218 5.05079341470484e-01 -1.71333763967138e-02 0.00000000000000e+00
219 5.04626565926894e-01 -1.70532341842334e-02 0.00000000000000e+00
220 5.04128467759556e-01 -1.69651120593323e-02 0.00000000000000e+00
221 5.03580505252901e-01 -1.68682191962865e-02 0.00000000000000e+00
222 5.02977680538368e-01 -1.67616871786537e-02 0.00000000000000e+00
223 5.02314493564211e-01 -1.66445625492724e-02 0.00000000000000e+00
224 5.01584891375570e-01 -1.65157986787963e-02 0.00000000000000e+00
225 5.00782212217728e-01 -1.63742468975129e-02 0.00000000000000e+00
226 4.99899123923026e-01 -1.62186468322527e-02 0.00000000000000e+00
227 4.98927555983444e-01 -1.60476158874167e-02 0.00000000000000e+00
228 4.97858624645540e-01 -1.58596378067276e-02 0.00000000000000e+00
229 4.96682550291553e-01 -1.56530502502951e-02 0.00000000000000e+00
230 4.95388566288887e-01 -1.54260313202064e-02 0.00000000000000e+00
231 4.93964818398816e-01 -1.51765849672930e-02 0.00000000000000e+00
232 4.92398253732776e-01 -1.49025252122307e-02 0.00000000000000e+00
233 4.90674498129552e-01 -1.46014591159982e-02 0.00000000000000e+00
234 4.88777720697163e-01 -1.42707684383290e-02 0.00000000000000e+00
235 4.86690484117480e-01 -1.39075899285427e-02 0.00000000000000e+00
236 4.84393579147054e-01 -1.35087942015851e-02 0.00000000000000e+00
237 4.81865841561686e-01 -1.30709631638200e-02 0.00000000000000e+00
238 4.79083949581779e-01 -1.25903659688914e-02 0.00000000000000e+00
239 4.76022199576736e-01 -1.20629335046784e-02 0.00000000000000e+00
240 4.72652257575416e-01 -1.14842314391535e-02 0.00000000000000e+00
241 4.68942883800799e-01 -1.08494318872144e-02 0.00000000000000e+00
242 4.64859627094665e-01 -1.01532838041374e-02 0.00000000000000e+00
243 4.60364485695351e-01 -9.39008226658401e-03 0.00000000000000e+00
244 4.55415530370049e-01 -8.55363687243690e-03 0.00000000000000e+00
245 4.49966485373021e-01 -7.63723958078530e-03 0.00000000000000e+00
246 4.43966262090570e-01 -6.63363242994434e-03 0.00000000000000e+00
247 4.37358439528454e-01 -5.53497572457993e-03 0.00000000000000e+00
248 4.30080684980380e-01 -4.33281748817200e-03 0.00000000000000e+00
249 4.22064107266143e-01 -3.01806525780009e-03 0.00000000000000e+00
250 4.13232533818598e-01 -1.58096169135168e-03 0.00000000000000e+00
251 4.03501701597306e-01 -1.10660203703898e-05 0.00000000000000e+00
252 3.92778350271851e-01 1.70275579420394e-03 0.00000000000000e+00
253 3.80959204296409e-01 3.57232811739731e-03 0.00000000000000e+00
254 3.67929828320116e-01 5.61014395879533e-03 0.00000000000000e+00
255 3.53563337754756e-01 7.82931574793879e-03 0.00000000000000e+00
256 3.37718943131933e-01 1.02434853241179e-02 0.00000000000000e+00
257 3.20240302965684e-01 1.28666729536328e-02 0.00000000000000e+00
258 3.00953654977400e-01 1.57130342344277e-02 0.00000000000000e+00
259 2.79665689449242e-01 1.87964763535138e-02 0.00000000000000e+00
260 2.56161120769502e-01 2.21300573481950e-02 0.00000000000000e+00
261 2.30199903437535e-01 2.57250472060702e-02 0.00000000000000e+00
262 2.01514026355226e-01 2.95894567669110e-02 0.00000000000000e+00
263 1.69803803673594e-01 3.37257205174180e-02 0.00000000000000e+00
264 1.34733561876594e-01 3.81270191450156e-02 0.00000000000000e+00
265 9.59266032084460e-02 4.27713862733455e-02 0.00000000000000e+00
266 5.06245049181284e-02 4.78654662522099e-02 0.00000000000000e+00
267 -4.99695413509548e-01 1.74497483512505e-02 0.00000000000000e+00
268 -4.99692034827155e-01 1.75496910644245e-02 0.00000000000000e+00
269 -4.99687535494089e-01 1.76595649167865e-02 0.00000000000000e+00
270 -4.99681639947179e-01 1.77804024956914e-02 0.00000000000000e+00
271 -4.99674015185378e-01 1.79132600964169e-02 0.00000000000000e+00
272 -4.99664254972273e-01 1.80593142621114e-02 0.00000000000000e+00
273 -4.99651865709199e-01 1.82198500653472e-02 0.00000000000000e+00
274 -4.99636248733942e-01 1.83962689018488e-02 0.00000000000000e+00
275 -4.99616679282998e-01 1.85900960952401e-02 0.00000000000000e+00
276 -4.99592281568250e-01 1.88029880073874e-02 0.00000000000000e+00
277 -4.99561999356154e-01 1.90367382416135e-02 0.00000000000000e+00
278 -4.99524561376892e-01 1.92932823906662e-02 0.00000000000000e+00
279 -4.99478440835749e-01 1.95747006121662e-02 0.00000000000000e+00
280 -4.99421808252531e-01 1.98832171046661e-02 0.00000000000000e+00
281 -4.99352476819889e-01 2.02211952992242e-02 0.00000000000000e+00
282 -4.99267839448212e-01 2.05911272635804e-02 0.00000000000000e+00
283 -4.99164796649038e-01 2.09956154223785e-02 0.00000000000000e+00
284 -4.99039674381720e-01 2.14373441803866e-02 0.00000000000000e+00
285 -4.98888122232510e-01 2.19190356567141e-02 0.00000000000000e+00
286 -4.98704983660979e-01 2.24433814301284e-02 0.00000000000000e+00
287 -4.98484178983785e-01 2.30129573715759e-02 0.00000000000000e+00
288 -4.98218671442388e-01 2.36301511625983e-02 0.00000000000000e+00
289 -4.97900667972527e-01 2.42971916974840e-02 0.00000000000000e+00
290 -4.97521387780463e-01 2.50160024662460e-02 0.00000000000000e+00
291 -4.97070947096874e-01 2.57880732003169e-02 0.00000000000000e+00
292 -4.96538463786599e-01 2.66144438962349e-02 0.00000000000000e+00
293 -4.95912073412665e-01 2.74956639510031e-02 0.00000000000000e+00
294 -4.95178944749996e-01 2.84317716480342e-02 0.00000000000000e+00
295 -4.94325316883442e-01 2.94223177876116e-02 0.00000000000000e+00
296 -4.93336512765151e-01 3.04664131729409e-02 0.00000000000000e+00
297 -4.92196926904733e-01 3.15627964073100e-02 0.00000000000000e+00
298 -4.90889977841746e-01 3.27099134464810e-02 0.00000000000000e+00
299 -4.89398019194581e-01 3.39059947023387e-02 0.00000000000000e+00
300 -4.87702211763643e-01 3.51491217119162e-02 0.00000000000000e+00
301 -4.85782358295806e-01 3.64372739471149e-02 0.00000000000000e+00
302 -4.83616707724528e-01 3.77683522841350e-02 0.00000000000000e+00
303 -4.81181734144266e-01 3.91401777850961e-02 0.00000000000000e+00
304 -4.78451895615379e-01 4.05504660490391e-02 0.00000000000000e+00
305 -4.75399376252430e-01 4.19967795782200e-02 0.00000000000000e+00
306 -4.71993813533655e-01 4.34764600529614e-02 0.00000000000000e+00
307 -4.68202011352993e-01 4.49865427574212e-02 0.00000000000000e+00
308 -4.63987638309329e-01 4.65236544474508e-02 0.00000000000000e+00
309 -4.59310909956407e-01 4.80838952574201e-02 0.00000000000000e+00
310 -4.54128253518986e-01 4.96627046795899e-02 0.00000000000000e+00
311 -4.48391953336161e-01 5.12547108719602e-02 0.00000000000000e+00
312 -4.42049775460796e-01 5.28535622239125e-02 0.00000000000000e+00
313 -4.35044570089914e-01 5.44517398270189e-02 0.00000000000000e+00
314 -4.27313850838134e-01 5.60403494772830e-02 0.00000000000000e+00
315 -4.18789350338816e-01 5.76088920168153e-02 0.00000000000000e+00
316 -4.09396552203191e-01 5.91450113055604e-02 0.00000000000000e+00
317 -3.99054200007215e-01 6.06342198894140e-02 0.00000000000000e+00
318 -3.87673784707515e-01 6.20596035744867e-02 0.00000000000000e+00
319 -3.75159012724177e-01 6.34015076949467e-02 0.00000000000000e+00
320 -3.61405257879726e-01 6.46372099247271e-02 0.00000000000000e+00
321 -3.46299001463246e-01 6.57405870632934e-02 0.00000000000000e+00
322 -3.29717265931247e-01 6.66817863368795e-02 0.00000000000000e+00
323 -3.11527049209328e-01 6.74269153117380e-02 0.00000000000000e+00
324 -2.91584768312898e-01 6.79377683250198e-02 0.00000000000000e+00
325 -2.69735723218116e-01 6.81716110175149e-02 0.00000000000000e+00
326 -2.45813594844049e-01 6.80810474354950e-02 0.00000000000000e+00
327 -2.19639995065496e-01 6.76139951910891e-02 0.00000000000000e+00
328 -1.91024092487445e-01 6.67137916980159e-02 0.00000000000000e+00
329 -1.59762346186912e-01 6.53194461266165e-02 0.00000000000000e+00
330 -1.25638392034753e-01 6.33660340040102e-02 0.00000000000000e+00
331 -8.84231442450243e-02 6.07851995300290e-02 0.00000000000000e+00
332 -4.69804238442210e-02 5.74282927174682e-02 0.00000000000000e+00
333 -1.84758815012352e-03 -5.29080022294506e-02 0.00000000000000e+00
334 -4.99699014708703e-01 1.73498134085331e-02 0.00000000000000e+00
335 -4.99702190748283e-01 1.72398933457442e-02 0.00000000000000e+00
336 -4.99704738766030e-01 1.71189388685451e-02 0.00000000000000e+00
337 -4.99706400255502e-01 1.69858730257611e-02 0.00000000000000e+00
338 -4.99706852041360e-01 1.68394938026245e-02 0.00000000000000e+00
339 -4.99705691369452e-01 1.66784848252325e-02 0.00000000000000e+00
340 -4.99702418792298e-01 1.65014063510253e-02 0.00000000000000e+00
341 -4.99696417713079e-01 1.63066862150444e-02 0.00000000000000e+00
342 -4.99686930019019e-01 1.60926109983470e-02 0.00000000000000e+00
343 -4.99673027164945e-01 1.58573177876102e-02 0.00000000000000e+00
344 -4.99653575997917e-01 1.55987870257934e-02 0.00000000000000e+00
345 -4.99627198546874e-01 1.53148371186196e-02 0.00000000000000e+00
346 -4.99592224940391e-01 1.50031216674851e-02 0.00000000000000e+00
347 -4.99546638562689e-01 1.46611304545615e-02 0.00000000000000e+00
348 -4.99488012512753e-01 1.42861956212826e-02 0.00000000000000e+00
349 -4.99413436388289e-01 1.38755048729948e-02 0.00000000000000e+00
350 -4.99319432353035e-01 1.34261240558850e-02 0.00000000000000e+00
351 -4.99201850476065e-01 1.29350342122668e-02 0.00000000000000e+00
352 -4.99055734533066e-01 1.23991906178465e-02 0.00000000000000e+00
353 -4.98875199334173e-01 1.18155995790984e-02 0.00000000000000e+00
354 -4.98653391818281e-01 1.11813883712905e-02 0.00000000000000e+00
355 -4.98382693384448e-01 1.04937899129265e-02 0.00000000000000e+00
356 -4.98054478804387e-01 9.75027288231058e-03 0.00000000000000e+00
357 -4.97658992303554e-01 8.94866172002568e-03 0.00000000000000e+00
358 -4.97185450801613e-01 8.08715986353729e-03 0.00000000000000e+00
359 -4.96622057086761e-01 7.16439163285958e-03 0.00000000000000e+00
360 -4.95956013860656e-01 6.17942377682126e-03 0.00000000000000e+00
361 -4.95173562394460e-01 5.13174448799469e-03 0.00000000000000e+00
362 -4.94259999365637e-01 4.02121697803235e-03 0.00000000000000e+00
363 -4.93199669307402e-01 2.84801098696675e-03 0.00000000000000e+00
364 -4.91975922746269e-01 1.61252010925212e-03 0.00000000000000e+00
365 -4.90571032846103e-01 3.15278673020511e-04 0.00000000000000e+00
366 -4.88966072473440e-01 -1.04311368817225e-03 0.00000000000000e+00
367 -4.87140752629733e-01 -2.46205025729009e-03 0.00000000000000e+00
368 -4.85073228805469e-01 -3.94095430159530e-03 0.00000000000000e+00
369 -4.82739880408006e-01 -5.47929327520283e-03 0.00000000000000e+00
370 -4.80115068364830e-01 -7.07657005748177e-03 0.00000000000000e+00
371 -4.77170874517354e-01 -8.73229342639210e-03 0.00000000000000e+00
372 -4.73876824870385e-01 -1.04459295202417e-02 0.00000000000000e+00
373 -4.70199597373785e-01 -1.22168364883881e-02 0.00000000000000e+00
374 -4.66102713822289e-01 -1.40441836541641e-02 0.00000000000000e+00
375 -4.61546214641678e-01 -1.59268558744967e-02 0.00000000000000e+00
376 -4.56486315072864e-01 -1.78633432339666e-02 0.00000000000000e+00
377 -4.50875040967138e-01 -1.98516154523578e-02 0.00000000000000e+00
378 -4.44659842550674e-01 -2.18889800472183e-02 0.00000000000000e+00
379 -4.37783184742004e-01 -2.39719229945338e-02 0.00000000000000e+00
380 -4.30182112941135e-01 -2.60959305860431e-02 0.00000000000000e+00
381 -4.21787793693069e-01 -2.82552913300462e-02 0.00000000000000e+00
382 -4.12525030206455e-01 -3.04428771859406e-02 0.00000000000000e+00
383 -4.02311753400103e-01 -3.26499041519424e-02 0.00000000000000e+00
384 -3.91058489959699e-01 -3.48656733150486e-02 0.00000000000000e+00
385 -3.78667809831468e-01 -3.70772949877843e-02 0.00000000000000e+00
386 -3.65033756672704e-01 -3.92694005477293e-02 0.00000000000000e+00
387 -3.50041266036012e-01 -4.14238490941298e-02 0.00000000000000e+00
388 -3.33565577520790e-01 -4.35194390528599e-02 0.00000000000000e+00
389 -3.15471648822340e-01 -4.55316383061482e-02 0.00000000000000e+00
390 -2.95613581624686e-01 -4.74323501009148e-02 0.00000000000000e+00
391 -2.73834071747264e-01 -4.91897355048523e-02 0.00000000000000e+00
392 -2.49963899079464e-01 -5.07681158509957e-02 0.00000000000000e+00
393 -2.23821476956866e-01 -5.21279793481251e-02 0.00000000000000e+00
394 -1.95212486257937e-01 -5.32261131623672e-02 0.00000000000000e+00
395 -1.63929627369940e-01 -5.40158733317087e-02 0.00000000000000e+00
396 -1.29752534313590e-01 -5.44475863347158e-02 0.00000000000000e+00
397 -9.24479110848230e-02 -5.44690430991262e-02 0.00000000000000e+00
398 -5.08719770860804e-02 -5.40112115803671e-02 0.00000000000000e+00
399 5.08520946206518e-01 -1.77719974709113e-02 0.00000000000000e+00
400 5.08411535136743e-01 -1.77836390129137e-02 0.00000000000000e+00
401 5.08291198603226e-01 -1.77964406284623e-02 0.00000000000000e+00
402 5.08158825460994e-01 -1.78105197972170e-02 0.00000000000000e+00
403 5.08013211428709e-01 -1.78260037274867e-02 0.00000000000000e+00
404 5.07853031666655e-01 -1.78430322337842e-02 0.00000000000000e+00
405 5.07676828693564e-01 -1.78617589734575e-02 0.00000000000000e+00
406 5.07482999089395e-01 -1.78823528019711e-02 0.00000000000000e+00
407 5.07269778861449e-01 -1.79049992576575e-02 0.00000000000000e+00
408 5.07035227338711e-01 -1.79299021876326e-02 0.00000000000000e+00
409 5.06777209445465e-01 -1.79572855274688e-02 0.00000000000000e+00
410 5.06493376190011e-01 -1.79873952481601e-02 0.00000000000000e+00
411 5.06181143187387e-01 -1.80205014849052e-02 0.00000000000000e+00
412 5.05837667016415e-01 -1.80569008632090e-02 0.00000000000000e+00
413 5.05459819190727e-01 -1.80969190388271e-02 0.00000000000000e+00
414 5.05044157500626e-01 -1.81409134690540e-02 0.00000000000000e+00
415 5.04586894457364e-01 -1.81892764338143e-02 0.00000000000000e+00
416 5.04083862543435e-01 -1.82424383259163e-02 0.00000000000000e+00
417 5.03530475941449e-01 -1.83008712306093e-02 0.00000000000000e+00
418 5.02921688379731e-01 -1.83650928152297e-02 0.00000000000000e+00
419 5.02251946694577e-01 -1.84356705501503e-02 0.00000000000000e+00
420 5.01515139666648e-01 -1.85132262823940e-02 0.00000000000000e+00
421 5.00704541641777e-01 -1.85984411830536e-02 0.00000000000000e+00
422 4.99812750393911e-01 -1.86920610889321e-02 0.00000000000000e+00
423 4.98831618629386e-01 -1.87949022575145e-02 0.00000000000000e+00
424 4.97752178466447e-01 -1.89078575522399e-02 0.00000000000000e+00
425 4.96564558151020e-01 -1.90319030719729e-02 0.00000000000000e+00
426 4.95257890188314e-01 -1.91681052342506e-02 0.00000000000000e+00
427 4.93820209978577e-01 -1.93176283160735e-02 0.00000000000000e+00
428 4.92238343943221e-01 -1.94817424483515e-02 0.00000000000000e+00
429 4.90497786012774e-01 -1.96618320502276e-02 0.00000000000000e+00
430 4.88582561219304e-01 -1.98594046768655e-02 0.00000000000000e+00
431 4.86475074990842e-01 -2.00761002383868e-02 0.00000000000000e+00
432 4.84155946581825e-01 -2.03137005277347e-02 0.00000000000000e+00
433 4.81603824888882e-01 -2.05741389705913e-02 0.00000000000000e+00
434 4.78795184692411e-01 -2.08595104800525e-02 0.00000000000000e+00
435 4.75704101127655e-01 -2.11720812614534e-02 0.00000000000000e+00
436 4.72301999920239e-01 -2.15142983670979e-02 0.00000000000000e+00
437 4.68557380615426e-01 -2.18887987449172e-02 0.00000000000000e+00
438 4.64435509681925e-01 -2.22984174570401e-02 0.00000000000000e+00
439 4.59898079973120e-01 -2.27461946610090e-02 0.00000000000000e+00
440 4.54902832573081e-01 -2.32353808440053e-02 0.00000000000000e+00
441 4.49403136532183e-01 -2.37694396736466e-02 0.00000000000000e+00
442 4.43347521396212e-01 -2.43520476700481e-02 0.00000000000000e+00
443 4.36679156740127e-01 -2.49870897018365e-02 0.00000000000000e+00
444 4.29335272116899e-01 -2.56786490471518e-02 0.00000000000000e+00
445 4.21246509903624e-01 -2.64309904143288e-02 0.00000000000000e+00
446 4.12336202447924e-01 -2.72485338474050e-02 0.00000000000000e+00
447 4.02519563658699e-01 -2.81358167890814e-02 0.00000000000000e+00
448 3.91702783711709e-01 -2.90974406446687e-02 0.00000000000000e+00
449 3.79782013809159e-01 -3.01379968377332e-02 0.00000000000000e+00
450 3.66642225890654e-01 -3.12619653389693e-02 0.00000000000000e+00
451 3.52155929775611e-01 -3.24735756152518e-02 0.00000000000000e+00
452 3.36181727345098e-01 -3.37766152981805e-02 0.00000000000000e+00
453 3.18562679948816e-01 -3.51741646706309e-02 0.00000000000000e+00
454 2.99124461139738e-01 -3.66682238043965e-02 0.00000000000000e+00
455 2.77673261976456e-01 -3.82591814050230e-02 0.00000000000000e+00
456 2.53993410389555e-01 -3.99450461359711e-02 0.00000000000000e+00
457 2.27844659462571e-01 -4.17203158040531e-02 0.00000000000000e+00
458 1.98959092151020e-01 -4.35742862259090e-02 0.00000000000000e+00
459 1.67037582804380e-01 -4.54884809298961e-02 0.00000000000000e+00
460 1.31745751281616e-01 -4.74326818141328e-02 0.00000000000000e+00
461 9.27093497407080e-02 -4.93586989041391e-02 0.00000000000000e+00
462 4.71622600286539e-02 -5.12802553302602e-02 0.00000000000000e+00
201 102 202 203 
202 102 203 204 
203 102 204 205 
204 102 205 206 
205 102 206 207 
206 102 207 208 
207 102 208 209 
208 102 209 210 
209 102 210 211 
210 102 211 212 
211 102 212 213 
212 102 213 214 
213 102 214 215 
214 102 215 216 
215 102 216 217 
216 102 217 218 
217 102 218 219 
218 102 219 220 
219 102 220 221 
220 102 221 222 
221 102 222 223 
222 102 223 224 
223 102 224 225 
224 102 225 226 
225 102 226 227 
226 102 227 228 
227 102 228 229 
228 102 229 230 
229 102 230 231 
230 102 231 232 
231 102 232 233 
232 102 233 234 
233 102 234 235 
234 102 235 236 
235 102 236 237 
236 102 237 238 
237 102 238 239 
238 102 239 240 
239 102 240 241 
240 102 241 242 
241 102 242 243 
242 102 243 244 
243 102 244 245 
244 102 245 246 
245 102 246 247 
246 102 247 248 
247 102 248 249 
248 102 249 250 
249 102 250 251 
250 102 251 252 
251 102 252 253 
252 102 253 254 
253 102 254 255 
254 102 255 256 
255 102 256 257 
256 102 257 258 
257 102 258 259 
258 102 259 260 
259 102 260 261 
260 102 261 262 
261 102 262 263 
262 102 263 264 
263 102 264 265 
264 102 265 266 
265 102 266 201 
266 102 267 268 
267 102 268 269 
268 102 269 270 
269 102 270 271 
270 102 271 272 
271 102 272 273 
272 102 273 274 
273 102 274 275 
274 102 275 276 
275 102 276 277 
276 102 277 278 
277 102 278 279 
278 102 279 280 
279 102 280 281 
280 102 281 282 
281 102 282 283 
282 102 283 284 
283 102 284 285 
284 102 285 286 
285 102 286 287 
286 102 287 288 
287 102 288 289 
288 102 289 290 
289 102 290 291 
290 102 291 292 
291 102 292 293 
292 102 293 294 
293 102 294 295 
294 102 295 296 
295 102 296 297 
296 102 297 298 
297 102 298 299 
298 102 299 300 
299 102 300 301 
300 102 301 302 
301 102 302 303 
302 102 303 304 
303 102 304 305 
304 102 305 306 
305 102 306 307 
306 102 307 308 
307 102 308 309 
308 102 309 310 
309 102 310 311 
310 102 311 312 
311 102 312 313 
312 102 313 314 
313 102 314 315 
314 102 315 316 
315 102 316 317 
316 102 317 318 
317 102 318 319 
318 102 319 320 
319 102 320 321 
320 102 321 322 
321 102 322 323 
322 102 323 324 
323 102 324 325 
324 102 325 326 
325 102 326 327 
326 102 327 328 
327 102 328 329 
328 102 329 330 
329 102 330 331 
330 102 331 332 
331 102 332 201 
332 102 267 334 
333 102 334 335 
334 102 335 336 
335 102 336 337 
336 102 337 338 
337 102 338 339 
338 102 339 340 
339 102 340 341 
340 102 341 342 
341 102 342 343 
342 102 343 344 
343 102 344 345 
344 102 345 346 
345 102 346 347 
346 102 347 348 
347 102 348 349 
348 102 349 350 
349 102 350 351 
350 102 351 352 
351 102 352 353 
352 102 353 354 
353 102 354 355 
354 102 355 356 
355 102 356 357 
356 102 357 358 
357 102 358 359 
358 102 359 360 
359 102 360 361 
360 102 361 362 
361 102 362 363 
362 102 363 364 
363 102 364 365 
364 102 365 366 
365 102 366 367 
366 102 367 368 
367 102 368 369 
368 102 369 370 
369 102 370 371 
370 102 371 372 
371 102 372 373 
372 102 373 374 
373 102 374 375 
374 102 375 376 
375 102 376 377 
376 102 377 378 
377 102 378 379 
378 102 379 380 
379 102 380 381 
380 102 381 382 
381 102 382 383 
382 102 383 384 
383 102 384 385 
384 102 385 386 
385 102 386 387 
386 102 387 388 
387 102 388 389 
388 102 389 390 
389 102 390 391 
390 102 391 392 
391 102 392 393 
392 102 393 394 
393 102 394 395 
394 102 395 396 
395 102 396 397 
396 102 397 398 
397 102 398 333 
398 102 202 399 
399 102 399 400 
400 102 400 401 
401 102 401 402 
402 102 402 403 
403 102 403 404 
404 102 404 405 
405 102 405 406 
406 102 406 407 
407 102 407 408 
408 102 408 409 
409 102 409 410 
410 102 410 411 
411 102 411 412 
412 102 412 413 
413 102 413 414 
414 102 414 415 
415 102 415 416 
416 102 416 417 
417 102 417 418 
418 102 418 419 
419 102 419 420 
420 102 420 421 
421 102 421 422 
422 102 422 423 
423 102 423 424 
424 102 424 425 
425 102 425 426 
426 102 426 427 
427 102 427 428 
428 102 428 429 
429 102 429 430 
430 102 430 431 
431 102 431 432 
432 102 432 433 
433 102 433 434 
434 102 434 435 
435 102 435 436 
436 102 436 437 
437 102 437 438 
438 102 438 439 
439 102 439 440 
440 102 440 441 
441 102 441 442 
442 102 442 443 
443 102 443 444 
444 102 444 445 
445 102 445 446 
446 102 446 447 
447 102 447 448 
448 102 448 449 
449 102 449 450 
450 102 450 451 
451 102 451 452 
452 102 452 453 
453 102 453 454 
454 102 454 455 
455 102 455 456 
456 102 456 457 
457 102 457 458 
458 102 458 459 
459 102 459 460 
460 102 460 461 
461 102 461 462 
462 102 462 333 
