       1.008327        0.875257
       1.008327        0.845318
       1.008327        0.828623
       1.008327        0.817385
       1.008327        0.808380
       1.008327        0.800791
       1.008326        0.794174
       1.008326        0.788037
       1.008326        0.782356
       1.008326        0.777074
       1.008326        0.772116
       1.008325        0.767244
       1.008325        0.762585
       1.008325        0.758094
       1.008324        0.753589
       1.008324        0.749312
       1.008323        0.744990
       1.008323        0.740801
       1.008322        0.736709
       1.008322        0.732432
       1.008321        0.728354
       1.008321        0.724430
       1.008320        0.720289
       1.008319        0.716200
       1.008318        0.712077
       1.008317        0.708103
       1.008316        0.703973
       1.008315        0.699913
       1.008313        0.695837
       1.008312        0.691708
       1.008310        0.687621
       1.008308        0.683468
       1.008306        0.679311
       1.008304        0.675134
       1.008302        0.670962
       1.008299        0.666658
       1.008296        0.662440
       1.008293        0.658116
       1.008290        0.653744
       1.008286        0.649436
       1.008281        0.645026
       1.008277        0.640565
       1.008272        0.636152
       1.008266        0.631556
       1.008260        0.627067
       1.008253        0.622507
       1.008245        0.617825
       1.008237        0.613139
       1.008228        0.608432
       1.008218        0.603712
       1.008207        0.598873
       1.008195        0.594019
       1.008181        0.589081
       1.008167        0.584162
       1.008151        0.579116
       1.008133        0.574128
       1.008113        0.569009
       1.008092        0.563887
       1.008068        0.558621
       1.008042        0.553394
       1.008013        0.548099
       1.007982        0.542702
       1.007947        0.537247
       1.007909        0.531820
       1.007867        0.526251
       1.007821        0.520645
       1.007771        0.514946
       1.007715        0.509266
       1.007653        0.503477
       1.007586        0.497527
       1.007512        0.491712
       1.007430        0.485582
       1.007340        0.479557
       1.007242        0.473459
       1.007133        0.467252
       1.007013        0.461010
       1.006882        0.454651
       1.006737        0.448060
       1.006578        0.441764
       1.006403        0.434924
       1.006211        0.428431
       1.005999        0.421665
       1.005766        0.414603
       1.005510        0.407945
       1.005228        0.400799
       1.004918        0.393664
       1.004577        0.386387
       1.004202        0.379179
       1.003789        0.371765
       1.003335        0.364233
       1.002836        0.356530
       1.002286        0.348761
       1.001682        0.340826
       1.001018        0.332878
       1.000287        0.324700
       0.999482        0.316469
       0.998598        0.308158
       0.997625        0.299435
       0.996555        0.291015
       0.995377        0.281970
       0.994082        0.273122
       0.992658        0.264099
       0.991091        0.254611
       0.989367        0.244987
       0.987471        0.235434
       0.985385        0.225324
       0.983091        0.215479
       0.980567        0.205080
       0.977791        0.194204
       0.974738        0.183857
       0.971379        0.172707
       0.967685        0.161119
       0.963621        0.149818
       0.959151        0.138079
       0.954234        0.125565
       0.948826        0.113307
       0.942877        0.100244
       0.936333        0.087231
       0.929136        0.073443
       0.921220        0.059389
       0.912512        0.045086
       0.902935        0.029980
       0.892401        0.014723
       0.880815       -0.001638
       0.868073       -0.018387
       0.854059       -0.035423
       0.838647       -0.053256
       0.821697       -0.072810
       0.803057       -0.092803
       0.782559       -0.113824
       0.760019       -0.136685
       0.735234       -0.161142
       0.707982       -0.188127
       0.678019       -0.217165
       0.645076       -0.248099
       0.608858       -0.282584
       0.569029       -0.324103
       0.524860       -0.372371
       0.000011        0.940972
       0.000011        0.939792
       0.000011        0.939210
       0.000011        0.938816
       0.000011        0.938511
       0.000011        0.938258
       0.000011        0.938035
       0.000011        0.937835
       0.000011        0.937650
       0.000012        0.937473
       0.000012        0.937308
       0.000012        0.937149
       0.000012        0.936993
       0.000012        0.936843
       0.000012        0.936693
       0.000012        0.936547
       0.000012        0.936399
       0.000012        0.936255
       0.000012        0.936108
       0.000012        0.935959
       0.000012        0.935810
       0.000012        0.935657
       0.000012        0.935501
       0.000012        0.935343
       0.000012        0.935177
       0.000012        0.935010
       0.000012        0.934834
       0.000012        0.934654
       0.000012        0.934467
       0.000012        0.934267
       0.000012        0.934064
       0.000012        0.933846
       0.000012        0.933620
       0.000012        0.933381
       0.000012        0.933124
       0.000012        0.932854
       0.000012        0.932566
       0.000013        0.932259
       0.000013        0.931933
       0.000013        0.931581
       0.000013        0.931202
       0.000013        0.930802
       0.000013        0.930364
       0.000013        0.929891
       0.000014        0.929384
       0.000014        0.928834
       0.000014        0.928238
       0.000015        0.927581
       0.000015        0.926878
       0.000015        0.926115
       0.000016        0.925277
       0.000016        0.924358
       0.000017        0.923358
       0.000017        0.922279
       0.000018        0.921065
       0.000019        0.919781
       0.000020        0.918354
       0.000021        0.916769
       0.000022        0.915057
       0.000023        0.913161
       0.000025        0.911023
       0.000026        0.908749
       0.000028        0.906191
       0.000030        0.903378
       0.000033        0.900325
       0.000036        0.896970
       0.000039        0.893174
       0.000043        0.889016
       0.000048        0.884437
       0.000054        0.879246
       0.000060        0.873575
       0.000067        0.867328
       0.000076        0.860185
       0.000086        0.852494
       0.000098        0.843729
       0.000112        0.834105
       0.000128        0.823365
       0.000148        0.811234
       0.000171        0.797809
       0.000198        0.782837
       0.000231        0.765753
       0.000269        0.747244
       0.000315        0.726095
       0.000369        0.702440
       0.000433        0.675614
       0.000510        0.645738
       0.000600        0.612557
       0.000708        0.575706
       0.000836        0.534960
       0.000989        0.487021
       0.001170        0.436542
       0.001385        0.380253
       0.001639        0.319412
       0.001940        0.254044
       0.002296        0.182421
       0.002714        0.109549
       0.003204        0.029316
       0.003777       -0.053427
       0.004444       -0.134622
       0.005219       -0.222194
       0.006113       -0.303905
       0.007142       -0.387839
       0.008322       -0.467975
       0.009668       -0.544017
       0.011199       -0.617746
       0.012933       -0.685749
       0.014891       -0.747589
       0.017096       -0.805346
       0.019571       -0.856997
       0.022342       -0.903528
       0.025439       -0.942713
       0.028893       -0.979459
       0.032738       -1.007473
       0.037011       -1.032156
       0.041754       -1.050796
       0.047012       -1.064194
       0.052836       -1.074114
       0.059280       -1.077449
       0.066403       -1.076988
       0.074273       -1.070563
       0.082961       -1.058898
       0.092548       -1.045021
       0.103120       -1.025842
       0.114773       -1.002051
       0.127614       -0.977559
       0.141755       -0.948928
       0.157325       -0.917216
       0.174461       -0.880958
       0.193315       -0.847387
       0.214052       -0.806211
       0.236854       -0.765354
       0.261919       -0.721702
       0.289465       -0.678142
       0.319730       -0.633732
       0.352972       -0.583339
       0.389478       -0.529619
       0.429405       -0.479625
       0.475891       -0.423156
       0.000011        0.940982
       0.000011        0.939815
       0.000011        0.939244
       0.000011        0.938862
       0.000011        0.938580
       0.000011        0.938345
       0.000011        0.938142
       0.000011        0.937965
       0.000011        0.937804
       0.000011        0.937658
       0.000011        0.937522
       0.000011        0.937398
       0.000011        0.937281
       0.000011        0.937170
       0.000011        0.937068
       0.000011        0.936972
       0.000011        0.936881
       0.000011        0.936796
       0.000011        0.936716
       0.000011        0.936642
       0.000011        0.936573
       0.000011        0.936511
       0.000011        0.936453
       0.000011        0.936403
       0.000011        0.936359
       0.000011        0.936322
       0.000011        0.936293
       0.000011        0.936272
       0.000011        0.936259
       0.000011        0.936256
       0.000011        0.936264
       0.000011        0.936282
       0.000011        0.936313
       0.000011        0.936357
       0.000010        0.936416
       0.000010        0.936491
       0.000010        0.936583
       0.000010        0.936696
       0.000010        0.936829
       0.000010        0.936983
       0.000010        0.937168
       0.000010        0.937375
       0.000009        0.937615
       0.000009        0.937887
       0.000009        0.938199
       0.000009        0.938552
       0.000008        0.938947
       0.000008        0.939391
       0.000008        0.939896
       0.000008        0.940452
       0.000007        0.941070
       0.000007        0.941767
       0.000006        0.942542
       0.000006        0.943387
       0.000005        0.944338
       0.000005        0.945405
       0.000005        0.946567
       0.000004        0.947848
       0.000003        0.949273
       0.000003        0.950817
       0.000002        0.952556
       0.000002        0.954432
       0.000001        0.956503
       0.000001        0.958791
       0.000000        0.961277
       0.000000        0.964026
       0.000000        0.966991
       0.000000        0.970241
       0.000000        0.973779
       0.000001        0.977669
       0.000002        0.981858
       0.000004        0.986426
       0.000006        0.991280
       0.000009        0.996531
       0.000013        1.002211
       0.000019        1.008301
       0.000026        1.014625
       0.000035        1.021584
       0.000047        1.028684
       0.000062        1.036232
       0.000081        1.043803
       0.000105        1.051900
       0.000134        1.059982
       0.000170        1.068106
       0.000215        1.075719
       0.000270        1.083290
       0.000337        1.089994
       0.000419        1.095648
       0.000519        1.100000
       0.000641        1.102416
       0.000788        1.102544
       0.000967        1.099721
       0.001182        1.093561
       0.001440        1.083231
       0.001749        1.068322
       0.002117        1.048253
       0.002554        1.023146
       0.003069        0.992074
       0.003675        0.955647
       0.004384        0.914250
       0.005209        0.865743
       0.006165        0.816845
       0.007267        0.763398
       0.008532        0.705373
       0.009978        0.646507
       0.011623        0.586854
       0.013489        0.527379
       0.015597        0.468860
       0.017972        0.409839
       0.020641        0.353509
       0.023631        0.298548
       0.026974        0.246197
       0.030706        0.195242
       0.034863        0.147153
       0.039487        0.102115
       0.044623        0.059143
       0.050323        0.018362
       0.056640       -0.019269
       0.063636       -0.055413
       0.071376       -0.087901
       0.079935       -0.118862
       0.089392       -0.146635
       0.099835       -0.172270
       0.111362       -0.194678
       0.124079       -0.215177
       0.138101       -0.232548
       0.153558       -0.247315
       0.170590       -0.258665
       0.189349       -0.267106
       0.210005       -0.272618
       0.232741       -0.274615
       0.257760       -0.273184
       0.285282       -0.268407
       0.315549       -0.260051
       0.348826       -0.248301
       0.385401       -0.233306
       0.425439       -0.215112
       0.472093       -0.190690
       1.008327        0.865433
       1.008327        0.839520
       1.008327        0.824122
       1.008327        0.813491
       1.008327        0.805060
       1.008327        0.797854
       1.008326        0.791558
       1.008326        0.785686
       1.008326        0.780228
       1.008326        0.775028
       1.008326        0.770143
       1.008325        0.765505
       1.008325        0.760946
       1.008325        0.756519
       1.008324        0.752173
       1.008324        0.747896
       1.008323        0.743779
       1.008323        0.739596
       1.008322        0.735477
       1.008322        0.731378
       1.008321        0.727348
       1.008321        0.723368
       1.008320        0.719366
       1.008319        0.715336
       1.008318        0.711265
       1.008317        0.707315
       1.008316        0.703302
       1.008315        0.699197
       1.008313        0.695222
       1.008312        0.691176
       1.008310        0.687065
       1.008308        0.682947
       1.008306        0.678871
       1.008304        0.674724
       1.008302        0.670521
       1.008299        0.666309
       1.008296        0.662092
       1.008293        0.657766
       1.008289        0.653563
       1.008285        0.649217
       1.008281        0.644872
       1.008276        0.640434
       1.008271        0.636074
       1.008265        0.631536
       1.008259        0.627042
       1.008252        0.622514
       1.008245        0.617808
       1.008236        0.613280
       1.008227        0.608640
       1.008217        0.603896
       1.008206        0.599123
       1.008193        0.594233
       1.008180        0.589505
       1.008165        0.584592
       1.008149        0.579630
       1.008131        0.574649
       1.008111        0.569580
       1.008089        0.564522
       1.008066        0.559309
       1.008039        0.554287
       1.008010        0.548913
       1.007979        0.543596
       1.007944        0.538194
       1.007905        0.532922
       1.007863        0.527440
       1.007816        0.521826
       1.007765        0.516306
       1.007709        0.510643
       1.007647        0.504902
       1.007579        0.499165
       1.007504        0.493541
       1.007421        0.487545
       1.007331        0.481635
       1.007231        0.475619
       1.007121        0.469594
       1.007000        0.463429
       1.006867        0.457246
       1.006721        0.451047
       1.006561        0.444645
       1.006384        0.438301
       1.006190        0.431881
       1.005976        0.425364
       1.005740        0.418655
       1.005482        0.411969
       1.005197        0.405251
       1.004884        0.398388
       1.004539        0.391513
       1.004161        0.384590
       1.003744        0.377439
       1.003285        0.370189
       1.002781        0.362951
       1.002226        0.355646
       1.001616        0.348254
       1.000945        0.340748
       1.000207        0.333048
       0.999395        0.325423
       0.998502        0.317566
       0.997519        0.309634
       0.996438        0.301591
       0.995249        0.293431
       0.993941        0.285452
       0.992503        0.276988
       0.990921        0.268354
       0.989180        0.260122
       0.987266        0.251338
       0.985160        0.242063
       0.982844        0.233269
       0.980296        0.224316
       0.977493        0.214688
       0.974411        0.205524
       0.971020        0.195537
       0.967290        0.186386
       0.963188        0.176240
       0.958676        0.166340
       0.953713        0.155972
       0.948255        0.145499
       0.942251        0.135102
       0.935647        0.124259
       0.928385        0.113384
       0.920397        0.102006
       0.911612        0.090976
       0.901950        0.079199
       0.891325        0.067310
       0.879640        0.055300
       0.866789        0.043034
       0.852658        0.030647
       0.837120        0.017409
       0.820033        0.004551
       0.801247       -0.009657
       0.780591       -0.023398
       0.757882       -0.038160
       0.732917       -0.053877
       0.705474       -0.069704
       0.675309       -0.086487
       0.642155       -0.105111
       0.605719       -0.124784
       0.565668       -0.146041
       0.521276       -0.167583
