FULL POTENTIAL APPLICATION ALL CASES LOADS FILE

Case    AOA           FF_MS            A_MS         # Nodes              Cl         Cl_jump          Cl_ref              Cd

   0   2.00            2.00        1.00e-01        4.78e+03        0.267290        0.265204        0.335000        0.004223
   1   2.00            2.00        1.00e-02        8.17e+03        0.318092        0.318188        0.335000       -0.000142
   2   2.00            2.00        1.00e-03        1.18e+04        0.329633        0.329695        0.335000        0.000006
   3   2.00            2.00        1.00e-04        1.52e+04        0.331282        0.331337        0.335000        0.000010
   4   2.00            2.00        1.00e-05        1.86e+04        0.332271        0.332322        0.335000        0.000006
   5   2.00            2.00        1.00e-06        2.19e+04        0.332519        0.332576        0.335000        0.000009
   6   2.00            2.00        1.00e-07        2.48e+04        0.332597        0.332645        0.335000        0.000015
   7   2.00            2.00        1.00e-08        2.68e+04        0.332632        0.332691        0.335000        0.000007
